(0,	1.0)	(20,	0.985572)	(113,	0.975181)	(15,	0.974992)	(16,	0.974485)	(21,	0.969741)	(17,	0.965325)	(14,	0.959891)	(19,	0.959116)	(22,	0.955775)	
(1,	1.0)	(19,	0.973536)	(13,	0.966313)	(113,	0.960949)	(17,	0.952444)	(114,	0.951166)	(18,	0.943971)	(0,	0.94301)	(112,	0.936651)	(20,	0.928641)	
(2,	1.0)	(112,	0.964691)	(111,	0.943662)	(40,	0.938136)	(45,	0.936267)	(105,	0.934007)	(43,	0.93147)	(49,	0.931185)	(39,	0.929001)	(17,	0.922952)	
(3,	1.0)	(9,	0.995097)	(10,	0.9923)	(11,	0.991351)	(7,	0.991141)	(4,	0.989822)	(6,	0.979486)	(5,	0.969299)	(12,	0.967467)	(299,	0.964362)	
(4,	1.0)	(9,	0.991595)	(7,	0.991542)	(3,	0.989822)	(10,	0.988534)	(11,	0.981195)	(6,	0.971321)	(5,	0.964425)	(301,	0.962981)	(12,	0.959815)	
(5,	1.0)	(6,	0.995772)	(12,	0.992378)	(301,	0.990278)	(9,	0.983072)	(10,	0.977348)	(302,	0.975647)	(11,	0.973528)	(298,	0.971317)	(3,	0.969299)	
(6,	1.0)	(5,	0.995772)	(12,	0.98822)	(9,	0.988158)	(11,	0.986289)	(301,	0.982904)	(3,	0.979486)	(10,	0.977601)	(4,	0.971321)	(299,	0.971037)	
(7,	1.0)	(10,	0.9957)	(9,	0.991876)	(4,	0.991542)	(3,	0.991141)	(11,	0.973996)	(6,	0.963956)	(301,	0.96232)	(5,	0.961237)	(298,	0.957126)	
(8,	1.0)	(301,	0.969845)	(5,	0.962165)	(298,	0.961334)	(297,	0.961056)	(9,	0.952728)	(10,	0.95175)	(302,	0.951347)	(295,	0.950334)	(6,	0.947901)	
(9,	1.0)	(3,	0.995097)	(10,	0.994601)	(7,	0.991876)	(4,	0.991595)	(11,	0.990704)	(6,	0.988158)	(5,	0.983072)	(301,	0.979447)	(12,	0.9762)	
(10,	1.0)	(7,	0.9957)	(9,	0.994601)	(3,	0.9923)	(4,	0.988534)	(11,	0.978888)	(301,	0.978086)	(6,	0.977601)	(5,	0.977348)	(12,	0.975588)	
(11,	1.0)	(3,	0.991351)	(9,	0.990704)	(6,	0.986289)	(4,	0.981195)	(10,	0.978888)	(299,	0.976776)	(7,	0.973996)	(5,	0.973528)	(12,	0.970668)	
(12,	1.0)	(5,	0.992378)	(6,	0.98822)	(301,	0.987411)	(302,	0.987099)	(300,	0.980784)	(299,	0.97823)	(298,	0.97763)	(9,	0.9762)	(295,	0.976003)	
(13,	1.0)	(19,	0.966775)	(1,	0.966313)	(308,	0.964956)	(17,	0.956312)	(23,	0.953671)	(18,	0.952081)	(25,	0.949145)	(0,	0.936477)	(20,	0.936116)	
(14,	1.0)	(21,	0.994384)	(15,	0.985196)	(16,	0.977618)	(20,	0.961317)	(0,	0.959891)	(22,	0.958281)	(17,	0.901387)	(113,	0.89428)	(19,	0.88217)	
(15,	1.0)	(16,	0.998866)	(21,	0.98622)	(14,	0.985196)	(20,	0.975741)	(0,	0.974992)	(22,	0.949576)	(17,	0.945028)	(19,	0.935618)	(113,	0.929783)	
(16,	1.0)	(15,	0.998866)	(21,	0.979812)	(14,	0.977618)	(20,	0.974856)	(0,	0.974485)	(17,	0.953066)	(22,	0.946568)	(19,	0.945077)	(112,	0.937122)	
(17,	1.0)	(19,	0.985222)	(112,	0.976767)	(113,	0.970954)	(0,	0.965325)	(18,	0.958854)	(13,	0.956312)	(16,	0.953066)	(114,	0.953051)	(1,	0.952444)	
(18,	1.0)	(25,	0.971993)	(23,	0.966916)	(19,	0.964468)	(17,	0.958854)	(114,	0.952391)	(13,	0.952081)	(1,	0.943971)	(113,	0.930963)	(24,	0.918565)	
(19,	1.0)	(17,	0.985222)	(1,	0.973536)	(112,	0.96948)	(113,	0.967128)	(13,	0.966775)	(18,	0.964468)	(0,	0.959116)	(20,	0.948332)	(114,	0.948116)	
(20,	1.0)	(0,	0.985572)	(21,	0.979279)	(15,	0.975741)	(16,	0.974856)	(14,	0.961317)	(113,	0.955211)	(17,	0.951615)	(22,	0.948616)	(19,	0.948332)	
(21,	1.0)	(14,	0.994384)	(15,	0.98622)	(16,	0.979812)	(20,	0.979279)	(0,	0.969741)	(22,	0.958099)	(17,	0.914251)	(113,	0.913351)	(19,	0.897807)	
(22,	1.0)	(14,	0.958281)	(21,	0.958099)	(0,	0.955775)	(15,	0.949576)	(20,	0.948616)	(16,	0.946568)	(113,	0.916002)	(112,	0.905004)	(17,	0.895678)	
(23,	1.0)	(25,	0.9839)	(18,	0.966916)	(13,	0.953671)	(312,	0.95163)	(313,	0.949389)	(24,	0.948205)	(19,	0.936966)	(307,	0.934064)	(114,	0.922485)	
(24,	1.0)	(23,	0.948205)	(25,	0.926224)	(312,	0.920153)	(18,	0.918565)	(19,	0.905205)	(244,	0.90057)	(1,	0.89093)	(254,	0.876716)	(114,	0.876646)	
(25,	1.0)	(23,	0.9839)	(18,	0.971993)	(313,	0.961303)	(307,	0.958456)	(312,	0.958199)	(319,	0.956786)	(13,	0.949145)	(309,	0.941388)	(19,	0.937833)	
(26,	1.0)	(32,	0.993586)	(28,	0.982118)	(33,	0.957459)	(31,	0.950892)	(27,	0.897717)	(111,	0.867518)	(22,	0.817802)	(114,	0.815755)	(113,	0.795031)	
(27,	1.0)	(32,	0.928654)	(31,	0.92469)	(33,	0.900315)	(26,	0.897717)	(28,	0.881365)	(263,	0.821599)	(114,	0.81887)	(260,	0.816404)	(111,	0.815643)	
(28,	1.0)	(32,	0.986148)	(26,	0.982118)	(31,	0.966463)	(33,	0.956489)	(111,	0.921762)	(114,	0.887374)	(27,	0.881365)	(22,	0.877075)	(113,	0.876655)	
(29,	1.0)	(185,	0.943947)	(132,	0.938256)	(241,	0.928443)	(139,	0.927839)	(125,	0.92665)	(126,	0.924108)	(240,	0.923496)	(140,	0.923427)	(184,	0.921905)	
(30,	1.0)	(322,	0.992622)	(340,	0.941937)	(333,	0.930974)	(338,	0.92741)	(342,	0.927387)	(339,	0.900383)	(341,	0.896644)	(348,	0.894982)	(337,	0.893699)	
(31,	1.0)	(32,	0.974012)	(28,	0.966463)	(33,	0.961534)	(26,	0.950892)	(27,	0.92469)	(114,	0.924348)	(111,	0.886775)	(113,	0.886048)	(18,	0.8804)	
(32,	1.0)	(26,	0.993586)	(28,	0.986148)	(31,	0.974012)	(33,	0.971393)	(27,	0.928654)	(111,	0.879223)	(114,	0.852151)	(113,	0.831216)	(22,	0.821772)	
(33,	1.0)	(32,	0.971393)	(31,	0.961534)	(26,	0.957459)	(28,	0.956489)	(27,	0.900315)	(111,	0.828592)	(114,	0.828501)	(18,	0.822295)	(113,	0.795971)	
(34,	1.0)	(37,	0.994752)	(35,	0.990838)	(36,	0.987137)	(38,	0.97898)	(33,	0.666273)	(32,	0.592647)	(26,	0.585591)	(28,	0.581495)	(31,	0.553313)	
(35,	1.0)	(37,	0.996201)	(36,	0.992561)	(34,	0.990838)	(38,	0.987801)	(33,	0.596648)	(32,	0.505232)	(28,	0.494686)	(26,	0.490686)	(31,	0.479029)	
(36,	1.0)	(37,	0.995721)	(35,	0.992561)	(34,	0.987137)	(38,	0.97607)	(33,	0.632998)	(28,	0.548192)	(32,	0.544097)	(26,	0.527509)	(31,	0.526628)	
(37,	1.0)	(35,	0.996201)	(36,	0.995721)	(34,	0.994752)	(38,	0.98605)	(33,	0.644983)	(32,	0.558111)	(28,	0.554014)	(26,	0.544088)	(31,	0.533447)	
(38,	1.0)	(35,	0.987801)	(37,	0.98605)	(34,	0.97898)	(36,	0.97607)	(33,	0.620585)	(286,	0.525424)	(32,	0.512017)	(26,	0.497068)	(28,	0.493113)	
(39,	1.0)	(41,	0.994482)	(40,	0.993103)	(43,	0.993047)	(42,	0.987425)	(49,	0.98541)	(45,	0.972837)	(47,	0.95739)	(104,	0.939675)	(112,	0.93716)	
(40,	1.0)	(42,	0.995519)	(39,	0.993103)	(41,	0.991368)	(49,	0.98763)	(43,	0.986178)	(45,	0.981)	(47,	0.976216)	(104,	0.966941)	(44,	0.956067)	
(41,	1.0)	(39,	0.994482)	(42,	0.992976)	(40,	0.991368)	(43,	0.987084)	(49,	0.987043)	(45,	0.970264)	(47,	0.964524)	(104,	0.949089)	(44,	0.945823)	
(42,	1.0)	(40,	0.995519)	(41,	0.992976)	(39,	0.987425)	(49,	0.983824)	(47,	0.981521)	(43,	0.977432)	(45,	0.976296)	(104,	0.972904)	(44,	0.962214)	
(43,	1.0)	(39,	0.993047)	(49,	0.987997)	(41,	0.987084)	(40,	0.986178)	(45,	0.977509)	(42,	0.977432)	(47,	0.953904)	(112,	0.945782)	(111,	0.941512)	
(44,	1.0)	(50,	0.997858)	(46,	0.991575)	(48,	0.991074)	(47,	0.975728)	(49,	0.971908)	(45,	0.967393)	(104,	0.966582)	(42,	0.962214)	(40,	0.956067)	
(45,	1.0)	(49,	0.989784)	(47,	0.985896)	(40,	0.981)	(43,	0.977509)	(42,	0.976296)	(39,	0.972837)	(104,	0.971524)	(41,	0.970264)	(44,	0.967393)	
(46,	1.0)	(50,	0.992165)	(44,	0.991575)	(48,	0.972338)	(47,	0.964337)	(104,	0.963103)	(42,	0.945859)	(49,	0.942296)	(45,	0.940852)	(40,	0.934723)	
(47,	1.0)	(104,	0.989123)	(45,	0.985896)	(42,	0.981521)	(40,	0.976216)	(49,	0.975807)	(44,	0.975728)	(50,	0.966887)	(41,	0.964524)	(46,	0.964337)	
(48,	1.0)	(50,	0.992267)	(44,	0.991074)	(46,	0.972338)	(49,	0.969011)	(45,	0.957036)	(47,	0.949576)	(42,	0.943657)	(40,	0.943152)	(41,	0.936915)	
(49,	1.0)	(45,	0.989784)	(43,	0.987997)	(40,	0.98763)	(41,	0.987043)	(39,	0.98541)	(42,	0.983824)	(47,	0.975807)	(44,	0.971908)	(48,	0.969011)	
(50,	1.0)	(44,	0.997858)	(48,	0.992267)	(46,	0.992165)	(47,	0.966887)	(49,	0.965576)	(45,	0.960726)	(104,	0.957255)	(42,	0.95402)	(40,	0.949728)	
(51,	1.0)	(89,	0.999879)	(85,	0.99987)	(66,	0.999818)	(91,	0.999811)	(64,	0.999764)	(53,	0.999759)	(94,	0.99975)	(96,	0.999723)	(62,	0.999713)	
(52,	1.0)	(88,	0.999787)	(79,	0.999745)	(70,	0.999731)	(77,	0.999707)	(80,	0.999685)	(96,	0.999681)	(73,	0.999681)	(58,	0.999672)	(75,	0.999667)	
(53,	1.0)	(94,	0.999895)	(76,	0.999873)	(63,	0.99987)	(89,	0.999855)	(77,	0.999814)	(96,	0.999803)	(91,	0.999802)	(59,	0.999781)	(51,	0.999759)	
(54,	1.0)	(84,	0.996799)	(74,	0.971893)	(71,	0.97112)	(72,	0.970761)	(75,	0.970385)	(57,	0.969898)	(52,	0.96932)	(102,	0.969284)	(93,	0.968963)	
(55,	1.0)	(58,	0.999944)	(73,	0.999911)	(96,	0.999896)	(57,	0.999884)	(77,	0.99988)	(70,	0.999875)	(91,	0.999866)	(87,	0.999856)	(93,	0.999855)	
(56,	1.0)	(91,	0.999821)	(58,	0.99982)	(64,	0.999819)	(92,	0.999818)	(55,	0.999786)	(62,	0.999771)	(96,	0.999771)	(89,	0.999747)	(77,	0.999736)	
(57,	1.0)	(73,	0.999918)	(58,	0.999899)	(55,	0.999884)	(77,	0.999839)	(74,	0.999825)	(96,	0.999823)	(86,	0.999801)	(93,	0.999795)	(75,	0.999783)	
(58,	1.0)	(77,	0.999944)	(55,	0.999944)	(73,	0.999924)	(96,	0.999902)	(57,	0.999899)	(89,	0.999892)	(70,	0.99988)	(94,	0.999862)	(76,	0.999859)	
(59,	1.0)	(91,	0.999869)	(89,	0.99986)	(94,	0.999831)	(87,	0.999815)	(78,	0.999809)	(58,	0.999803)	(96,	0.999797)	(53,	0.999781)	(70,	0.999768)	
(60,	1.0)	(63,	0.999687)	(82,	0.999652)	(94,	0.999644)	(89,	0.999599)	(102,	0.999593)	(65,	0.999592)	(91,	0.99958)	(77,	0.999572)	(96,	0.999557)	
(61,	1.0)	(65,	0.999848)	(97,	0.999775)	(90,	0.999771)	(88,	0.999765)	(96,	0.999758)	(76,	0.999741)	(87,	0.999739)	(77,	0.999738)	(58,	0.999722)	
(62,	1.0)	(88,	0.999874)	(86,	0.999867)	(89,	0.999859)	(70,	0.999846)	(58,	0.999839)	(73,	0.999833)	(96,	0.999807)	(77,	0.999797)	(80,	0.999774)	
(63,	1.0)	(94,	0.999877)	(53,	0.99987)	(89,	0.99984)	(77,	0.999827)	(78,	0.999802)	(76,	0.999789)	(96,	0.999758)	(58,	0.999722)	(88,	0.999713)	
(64,	1.0)	(91,	0.999911)	(89,	0.999856)	(96,	0.999827)	(55,	0.999826)	(56,	0.999819)	(70,	0.999809)	(58,	0.999795)	(87,	0.999774)	(51,	0.999764)	
(65,	1.0)	(61,	0.999848)	(58,	0.999842)	(77,	0.999817)	(102,	0.999805)	(96,	0.999803)	(55,	0.999796)	(76,	0.999793)	(90,	0.999792)	(73,	0.999777)	
(66,	1.0)	(89,	0.999912)	(96,	0.999833)	(51,	0.999818)	(77,	0.999814)	(94,	0.999796)	(55,	0.999795)	(78,	0.999786)	(91,	0.999783)	(85,	0.999783)	
(67,	1.0)	(68,	0.999828)	(83,	0.999729)	(99,	0.999698)	(98,	0.999643)	(101,	0.999567)	(59,	0.999373)	(78,	0.999316)	(61,	0.999284)	(53,	0.999277)	
(68,	1.0)	(83,	0.999902)	(67,	0.999828)	(98,	0.999544)	(99,	0.99952)	(101,	0.99943)	(59,	0.998932)	(53,	0.998856)	(78,	0.998815)	(91,	0.998747)	
(69,	1.0)	(72,	0.999843)	(55,	0.999824)	(87,	0.999803)	(96,	0.999781)	(97,	0.999775)	(70,	0.999765)	(58,	0.999752)	(91,	0.999739)	(93,	0.999739)	
(70,	1.0)	(58,	0.99988)	(87,	0.999875)	(55,	0.999875)	(89,	0.999855)	(96,	0.999848)	(62,	0.999846)	(73,	0.999845)	(91,	0.999828)	(92,	0.999813)	
(71,	1.0)	(102,	0.999775)	(55,	0.999761)	(80,	0.999732)	(93,	0.999726)	(65,	0.999725)	(73,	0.999723)	(74,	0.999717)	(90,	0.999713)	(72,	0.99971)	
(72,	1.0)	(69,	0.999843)	(55,	0.999836)	(96,	0.999835)	(81,	0.999831)	(93,	0.999831)	(87,	0.999825)	(95,	0.999811)	(58,	0.999794)	(97,	0.999774)	
(73,	1.0)	(58,	0.999924)	(57,	0.999918)	(55,	0.999911)	(80,	0.999889)	(90,	0.999867)	(77,	0.999861)	(70,	0.999845)	(93,	0.999841)	(87,	0.999839)	
(74,	1.0)	(57,	0.999825)	(77,	0.999798)	(73,	0.999756)	(58,	0.999753)	(55,	0.999738)	(93,	0.999718)	(71,	0.999717)	(96,	0.999682)	(75,	0.999669)	
(75,	1.0)	(58,	0.999844)	(57,	0.999783)	(70,	0.999777)	(77,	0.999773)	(73,	0.99976)	(55,	0.999758)	(72,	0.999738)	(92,	0.999715)	(96,	0.999707)	
(76,	1.0)	(94,	0.999903)	(77,	0.999876)	(53,	0.999873)	(58,	0.999859)	(96,	0.999855)	(55,	0.999833)	(88,	0.999801)	(91,	0.999797)	(65,	0.999793)	
(77,	1.0)	(58,	0.999944)	(96,	0.999911)	(89,	0.999894)	(88,	0.999888)	(55,	0.99988)	(76,	0.999876)	(73,	0.999861)	(94,	0.999842)	(57,	0.999839)	
(78,	1.0)	(94,	0.999888)	(89,	0.999852)	(87,	0.999816)	(59,	0.999809)	(63,	0.999802)	(58,	0.999798)	(70,	0.999797)	(66,	0.999786)	(77,	0.999782)	
(79,	1.0)	(92,	0.999809)	(88,	0.999777)	(81,	0.999771)	(96,	0.99976)	(80,	0.999753)	(93,	0.999753)	(87,	0.999752)	(52,	0.999745)	(70,	0.999703)	
(80,	1.0)	(73,	0.999889)	(93,	0.999855)	(87,	0.999824)	(88,	0.999823)	(96,	0.999821)	(90,	0.999815)	(55,	0.999814)	(58,	0.999792)	(81,	0.999788)	
(81,	1.0)	(87,	0.999907)	(95,	0.999885)	(93,	0.999878)	(97,	0.99984)	(72,	0.999831)	(96,	0.999817)	(92,	0.999791)	(80,	0.999788)	(70,	0.999786)	
(82,	1.0)	(60,	0.999652)	(63,	0.999532)	(66,	0.999529)	(89,	0.999499)	(51,	0.999459)	(94,	0.999443)	(78,	0.999441)	(91,	0.99943)	(96,	0.99937)	
(83,	1.0)	(68,	0.999902)	(67,	0.999729)	(101,	0.999365)	(98,	0.99934)	(99,	0.999298)	(59,	0.99874)	(53,	0.998667)	(51,	0.998547)	(91,	0.998545)	
(84,	1.0)	(54,	0.996799)	(71,	0.980905)	(74,	0.980824)	(72,	0.980702)	(75,	0.980347)	(57,	0.979659)	(52,	0.979247)	(102,	0.979175)	(90,	0.979113)	
(85,	1.0)	(51,	0.99987)	(91,	0.99982)	(66,	0.999783)	(89,	0.99978)	(59,	0.999748)	(64,	0.99974)	(94,	0.999704)	(53,	0.99964)	(96,	0.999616)	
(86,	1.0)	(62,	0.999867)	(73,	0.999831)	(57,	0.999801)	(70,	0.999782)	(55,	0.999768)	(58,	0.999759)	(80,	0.999754)	(92,	0.999726)	(64,	0.999718)	
(87,	1.0)	(81,	0.999907)	(97,	0.9999)	(96,	0.999887)	(70,	0.999875)	(55,	0.999856)	(89,	0.999843)	(73,	0.999839)	(93,	0.999839)	(58,	0.999838)	
(88,	1.0)	(77,	0.999888)	(62,	0.999874)	(96,	0.999854)	(58,	0.999835)	(73,	0.999834)	(80,	0.999823)	(92,	0.99981)	(70,	0.999809)	(76,	0.999801)	
(89,	1.0)	(96,	0.999922)	(91,	0.999917)	(66,	0.999912)	(94,	0.99991)	(77,	0.999894)	(58,	0.999892)	(51,	0.999879)	(59,	0.99986)	(62,	0.999859)	
(90,	1.0)	(73,	0.999867)	(58,	0.999843)	(97,	0.999832)	(77,	0.999822)	(87,	0.999818)	(80,	0.999815)	(65,	0.999792)	(93,	0.999792)	(96,	0.999788)	
(91,	1.0)	(89,	0.999917)	(64,	0.999911)	(96,	0.999895)	(94,	0.999888)	(59,	0.999869)	(55,	0.999866)	(58,	0.999852)	(70,	0.999828)	(56,	0.999821)	
(92,	1.0)	(56,	0.999818)	(70,	0.999813)	(88,	0.99981)	(79,	0.999809)	(96,	0.999805)	(87,	0.999797)	(81,	0.999791)	(58,	0.999786)	(73,	0.99978)	
(93,	1.0)	(95,	0.999922)	(97,	0.99991)	(81,	0.999878)	(96,	0.999858)	(80,	0.999855)	(55,	0.999855)	(73,	0.999841)	(87,	0.999839)	(72,	0.999831)	
(94,	1.0)	(89,	0.99991)	(76,	0.999903)	(53,	0.999895)	(78,	0.999888)	(91,	0.999888)	(63,	0.999877)	(96,	0.999865)	(58,	0.999862)	(77,	0.999842)	
(95,	1.0)	(93,	0.999922)	(81,	0.999885)	(97,	0.999876)	(87,	0.999818)	(72,	0.999811)	(55,	0.999776)	(96,	0.999768)	(73,	0.999715)	(80,	0.999703)	
(96,	1.0)	(89,	0.999922)	(77,	0.999911)	(58,	0.999902)	(55,	0.999896)	(91,	0.999895)	(87,	0.999887)	(94,	0.999865)	(93,	0.999858)	(76,	0.999855)	
(97,	1.0)	(93,	0.99991)	(87,	0.9999)	(95,	0.999876)	(81,	0.99984)	(90,	0.999832)	(55,	0.999828)	(73,	0.999827)	(58,	0.999787)	(96,	0.999781)	
(98,	1.0)	(99,	0.999755)	(67,	0.999643)	(68,	0.999544)	(59,	0.999511)	(61,	0.99944)	(87,	0.999427)	(97,	0.999377)	(56,	0.999365)	(83,	0.99934)	
(99,	1.0)	(98,	0.999755)	(67,	0.999698)	(68,	0.99952)	(61,	0.999494)	(101,	0.999396)	(59,	0.999381)	(87,	0.999378)	(97,	0.999367)	(91,	0.999366)	
(100,	1.0)	(86,	0.999667)	(62,	0.999651)	(73,	0.999638)	(70,	0.999604)	(88,	0.999575)	(57,	0.99956)	(52,	0.999544)	(58,	0.999543)	(55,	0.999528)	
(101,	1.0)	(67,	0.999567)	(59,	0.999453)	(68,	0.99943)	(99,	0.999396)	(78,	0.999389)	(83,	0.999365)	(91,	0.999364)	(94,	0.999323)	(85,	0.999295)	
(102,	1.0)	(65,	0.999805)	(76,	0.999777)	(71,	0.999775)	(77,	0.999754)	(58,	0.999727)	(55,	0.999714)	(90,	0.999696)	(96,	0.999693)	(74,	0.999658)	
(103,	1.0)	(47,	0.936895)	(104,	0.931098)	(54,	0.916103)	(44,	0.907616)	(42,	0.904965)	(84,	0.904696)	(46,	0.903568)	(45,	0.902242)	(50,	0.892926)	
(104,	1.0)	(47,	0.989123)	(42,	0.972904)	(45,	0.971524)	(40,	0.966941)	(44,	0.966582)	(46,	0.963103)	(49,	0.963095)	(50,	0.957255)	(41,	0.949089)	
(105,	1.0)	(45,	0.94403)	(2,	0.934007)	(104,	0.928211)	(49,	0.925064)	(40,	0.919712)	(47,	0.910873)	(39,	0.90789)	(43,	0.905637)	(42,	0.900471)	
(106,	1.0)	(107,	0.983594)	(109,	0.97472)	(108,	0.900673)	(350,	0.864809)	(344,	0.840378)	(343,	0.832112)	(337,	0.815616)	(110,	0.814513)	(333,	0.789025)	
(107,	1.0)	(106,	0.983594)	(109,	0.946858)	(108,	0.943079)	(350,	0.92574)	(344,	0.891835)	(343,	0.8717)	(337,	0.864653)	(333,	0.86109)	(342,	0.853425)	
(108,	1.0)	(344,	0.952843)	(343,	0.946483)	(107,	0.943079)	(350,	0.941446)	(347,	0.918114)	(109,	0.901313)	(106,	0.900673)	(110,	0.897507)	(342,	0.87175)	
(109,	1.0)	(106,	0.97472)	(107,	0.946858)	(108,	0.901313)	(110,	0.878426)	(343,	0.874621)	(350,	0.842234)	(344,	0.842209)	(339,	0.81757)	(114,	0.777705)	
(110,	1.0)	(343,	0.964168)	(312,	0.93265)	(339,	0.917255)	(114,	0.913323)	(304,	0.902045)	(344,	0.899832)	(108,	0.897507)	(350,	0.881605)	(109,	0.878426)	
(111,	1.0)	(112,	0.973998)	(2,	0.943662)	(113,	0.943015)	(43,	0.941512)	(114,	0.935233)	(49,	0.931728)	(39,	0.929505)	(17,	0.927269)	(28,	0.921762)	
(112,	1.0)	(17,	0.976767)	(113,	0.975064)	(111,	0.973998)	(19,	0.96948)	(2,	0.964691)	(0,	0.949061)	(114,	0.946806)	(43,	0.945782)	(39,	0.93716)	
(113,	1.0)	(0,	0.975181)	(112,	0.975064)	(114,	0.971987)	(17,	0.970954)	(19,	0.967128)	(1,	0.960949)	(20,	0.955211)	(111,	0.943015)	(16,	0.935605)	
(114,	1.0)	(113,	0.971987)	(17,	0.953051)	(18,	0.952391)	(1,	0.951166)	(19,	0.948116)	(112,	0.946806)	(111,	0.935233)	(0,	0.925838)	(25,	0.925763)	
(115,	1.0)	(171,	0.990399)	(174,	0.989494)	(116,	0.989439)	(189,	0.981921)	(133,	0.979461)	(126,	0.977114)	(201,	0.973878)	(131,	0.973407)	(117,	0.971253)	
(116,	1.0)	(189,	0.993998)	(174,	0.992961)	(171,	0.991161)	(203,	0.989913)	(169,	0.989785)	(115,	0.989439)	(175,	0.985969)	(118,	0.984406)	(173,	0.982941)	
(117,	1.0)	(118,	0.989621)	(131,	0.988957)	(122,	0.981696)	(133,	0.972992)	(115,	0.971253)	(116,	0.970972)	(174,	0.9617)	(127,	0.960457)	(130,	0.959951)	
(118,	1.0)	(117,	0.989621)	(131,	0.985985)	(116,	0.984406)	(130,	0.983842)	(129,	0.977418)	(165,	0.975746)	(189,	0.975243)	(169,	0.972909)	(122,	0.972837)	
(119,	1.0)	(122,	0.878853)	(127,	0.829954)	(117,	0.814504)	(219,	0.807049)	(131,	0.806456)	(165,	0.800077)	(118,	0.795187)	(217,	0.793509)	(218,	0.776887)	
(120,	1.0)	(121,	0.99919)	(160,	0.96289)	(196,	0.961106)	(157,	0.952054)	(161,	0.951349)	(192,	0.944869)	(154,	0.943829)	(214,	0.942635)	(118,	0.937964)	
(121,	1.0)	(120,	0.99919)	(196,	0.96711)	(160,	0.965669)	(157,	0.957329)	(161,	0.955392)	(192,	0.950622)	(214,	0.948552)	(154,	0.94633)	(187,	0.943195)	
(122,	1.0)	(131,	0.981874)	(117,	0.981696)	(127,	0.97837)	(118,	0.972837)	(133,	0.957316)	(165,	0.956112)	(134,	0.949859)	(130,	0.948811)	(116,	0.943947)	
(123,	1.0)	(124,	0.983561)	(140,	0.983466)	(125,	0.980008)	(139,	0.978518)	(126,	0.964538)	(185,	0.96121)	(132,	0.946956)	(240,	0.939679)	(133,	0.912868)	
(124,	1.0)	(125,	0.996186)	(123,	0.983561)	(126,	0.983384)	(185,	0.982615)	(140,	0.975917)	(139,	0.975731)	(240,	0.972383)	(132,	0.96694)	(133,	0.951664)	
(125,	1.0)	(124,	0.996186)	(126,	0.98591)	(185,	0.98581)	(123,	0.980008)	(240,	0.97922)	(139,	0.975371)	(140,	0.974424)	(132,	0.968379)	(133,	0.955598)	
(126,	1.0)	(185,	0.996328)	(240,	0.986925)	(125,	0.98591)	(124,	0.983384)	(115,	0.977114)	(133,	0.975054)	(139,	0.969519)	(171,	0.968918)	(132,	0.968654)	
(127,	1.0)	(134,	0.981176)	(122,	0.97837)	(133,	0.976189)	(131,	0.975859)	(128,	0.965887)	(117,	0.960457)	(132,	0.951832)	(118,	0.945526)	(245,	0.93927)	
(128,	1.0)	(134,	0.983278)	(182,	0.975388)	(131,	0.973688)	(133,	0.9729)	(130,	0.97229)	(189,	0.971118)	(141,	0.969528)	(116,	0.969129)	(129,	0.968546)	
(129,	1.0)	(130,	0.994268)	(116,	0.979449)	(203,	0.978893)	(118,	0.977418)	(189,	0.975371)	(182,	0.972389)	(173,	0.972103)	(141,	0.970303)	(174,	0.968706)	
(130,	1.0)	(129,	0.994268)	(118,	0.983842)	(203,	0.981176)	(116,	0.980313)	(189,	0.980304)	(173,	0.978588)	(167,	0.977044)	(170,	0.97627)	(172,	0.976143)	
(131,	1.0)	(117,	0.988957)	(133,	0.986284)	(118,	0.985985)	(122,	0.981874)	(134,	0.980614)	(116,	0.979757)	(175,	0.978085)	(201,	0.976299)	(127,	0.975859)	
(132,	1.0)	(185,	0.979058)	(133,	0.968864)	(126,	0.968654)	(125,	0.968379)	(124,	0.96694)	(140,	0.958067)	(139,	0.957505)	(134,	0.953133)	(127,	0.951832)	
(133,	1.0)	(134,	0.990004)	(131,	0.986284)	(115,	0.979461)	(127,	0.976189)	(126,	0.975054)	(185,	0.973543)	(117,	0.972992)	(128,	0.9729)	(201,	0.972657)	
(134,	1.0)	(133,	0.990004)	(128,	0.983278)	(127,	0.981176)	(131,	0.980614)	(184,	0.975149)	(175,	0.968709)	(201,	0.96855)	(202,	0.962737)	(153,	0.961024)	
(135,	1.0)	(136,	0.997823)	(138,	0.992761)	(137,	0.985007)	(232,	0.922148)	(129,	0.888531)	(130,	0.871199)	(243,	0.864536)	(231,	0.860941)	(142,	0.846219)	
(136,	1.0)	(135,	0.997823)	(138,	0.996296)	(137,	0.98972)	(232,	0.941825)	(129,	0.906404)	(243,	0.893631)	(130,	0.892725)	(231,	0.886604)	(142,	0.867055)	
(137,	1.0)	(136,	0.98972)	(138,	0.989438)	(135,	0.985007)	(232,	0.964506)	(129,	0.948356)	(130,	0.935755)	(231,	0.922021)	(142,	0.915261)	(182,	0.913982)	
(138,	1.0)	(136,	0.996296)	(135,	0.992761)	(137,	0.989438)	(232,	0.953296)	(129,	0.912072)	(231,	0.905668)	(130,	0.896207)	(243,	0.894166)	(142,	0.881676)	
(139,	1.0)	(140,	0.998187)	(123,	0.978518)	(124,	0.975731)	(125,	0.975371)	(126,	0.969519)	(185,	0.967915)	(132,	0.957505)	(240,	0.944296)	(133,	0.930794)	
(140,	1.0)	(139,	0.998187)	(123,	0.983466)	(124,	0.975917)	(125,	0.974424)	(185,	0.964051)	(126,	0.963055)	(132,	0.958067)	(240,	0.934853)	(29,	0.923427)	
(141,	1.0)	(142,	0.995298)	(116,	0.980022)	(203,	0.973212)	(129,	0.970303)	(189,	0.970124)	(128,	0.969528)	(115,	0.969475)	(182,	0.968943)	(174,	0.967146)	
(142,	1.0)	(141,	0.995298)	(203,	0.962579)	(116,	0.961305)	(129,	0.960014)	(172,	0.958313)	(128,	0.957711)	(173,	0.955213)	(182,	0.954806)	(130,	0.949654)	
(143,	1.0)	(144,	0.988132)	(209,	0.908606)	(145,	0.89392)	(207,	0.886654)	(151,	0.879908)	(148,	0.874639)	(208,	0.87061)	(191,	0.868164)	(205,	0.86008)	
(144,	1.0)	(143,	0.988132)	(145,	0.93812)	(151,	0.932672)	(191,	0.924965)	(148,	0.91888)	(209,	0.916278)	(199,	0.87705)	(207,	0.874274)	(164,	0.871405)	
(145,	1.0)	(151,	0.977126)	(148,	0.973633)	(227,	0.965681)	(191,	0.960706)	(226,	0.939965)	(220,	0.93866)	(144,	0.93812)	(199,	0.921637)	(147,	0.915809)	
(146,	1.0)	(215,	0.996147)	(210,	0.995799)	(213,	0.994099)	(211,	0.992557)	(150,	0.991233)	(193,	0.990846)	(190,	0.9908)	(168,	0.990628)	(167,	0.990316)	
(147,	1.0)	(227,	0.942615)	(145,	0.915809)	(186,	0.915709)	(156,	0.866302)	(220,	0.851102)	(151,	0.848842)	(226,	0.840118)	(191,	0.839962)	(148,	0.835276)	
(148,	1.0)	(151,	0.979376)	(145,	0.973633)	(164,	0.968749)	(191,	0.958345)	(199,	0.95552)	(242,	0.953708)	(152,	0.94623)	(220,	0.937673)	(226,	0.937521)	
(149,	1.0)	(195,	0.985842)	(198,	0.95321)	(197,	0.952782)	(194,	0.949835)	(241,	0.940095)	(245,	0.929982)	(213,	0.92464)	(193,	0.920388)	(214,	0.91949)	
(150,	1.0)	(146,	0.991233)	(157,	0.990583)	(214,	0.990494)	(192,	0.989498)	(177,	0.989249)	(213,	0.987971)	(183,	0.987359)	(193,	0.985793)	(215,	0.983892)	
(151,	1.0)	(148,	0.979376)	(145,	0.977126)	(191,	0.959802)	(199,	0.95689)	(226,	0.947906)	(152,	0.934809)	(144,	0.932672)	(227,	0.930297)	(164,	0.924145)	
(152,	1.0)	(199,	0.978285)	(242,	0.96139)	(164,	0.955234)	(191,	0.950628)	(292,	0.948126)	(226,	0.947642)	(294,	0.947006)	(148,	0.94623)	(151,	0.934809)	
(153,	1.0)	(175,	0.995601)	(169,	0.994289)	(167,	0.991146)	(216,	0.990986)	(190,	0.99016)	(166,	0.989889)	(170,	0.9891)	(163,	0.989058)	(212,	0.988076)	
(154,	1.0)	(158,	0.998737)	(161,	0.995324)	(160,	0.995254)	(159,	0.980179)	(196,	0.965675)	(155,	0.962194)	(214,	0.956038)	(157,	0.954318)	(121,	0.94633)	
(155,	1.0)	(159,	0.969675)	(154,	0.962194)	(158,	0.956458)	(160,	0.949739)	(161,	0.939021)	(121,	0.893047)	(120,	0.892055)	(196,	0.889145)	(157,	0.852666)	
(156,	1.0)	(228,	0.915413)	(186,	0.897684)	(278,	0.874956)	(147,	0.866302)	(287,	0.850187)	(279,	0.79964)	(277,	0.786601)	(155,	0.765628)	(159,	0.744912)	
(157,	1.0)	(214,	0.996385)	(192,	0.99468)	(150,	0.990583)	(198,	0.986755)	(196,	0.985063)	(177,	0.984345)	(146,	0.980483)	(187,	0.97838)	(213,	0.97826)	
(158,	1.0)	(154,	0.998737)	(161,	0.996512)	(160,	0.993186)	(159,	0.984141)	(196,	0.96796)	(214,	0.958917)	(157,	0.957526)	(155,	0.956458)	(121,	0.939029)	
(159,	1.0)	(158,	0.984141)	(154,	0.980179)	(161,	0.97028)	(155,	0.969675)	(160,	0.967331)	(196,	0.932512)	(214,	0.906285)	(157,	0.905545)	(187,	0.898095)	
(160,	1.0)	(154,	0.995254)	(161,	0.994302)	(158,	0.993186)	(196,	0.979133)	(159,	0.967331)	(121,	0.965669)	(157,	0.963284)	(120,	0.96289)	(214,	0.962612)	
(161,	1.0)	(158,	0.996512)	(154,	0.995324)	(160,	0.994302)	(196,	0.98184)	(214,	0.977499)	(157,	0.97615)	(159,	0.97028)	(150,	0.956035)	(192,	0.955949)	
(162,	1.0)	(193,	0.977319)	(150,	0.976536)	(178,	0.973287)	(177,	0.972723)	(213,	0.972623)	(183,	0.972048)	(194,	0.971291)	(168,	0.969917)	(197,	0.968504)	
(163,	1.0)	(216,	0.996314)	(166,	0.994964)	(170,	0.994788)	(212,	0.991109)	(167,	0.990642)	(173,	0.990176)	(169,	0.990017)	(211,	0.989103)	(153,	0.989058)	
(164,	1.0)	(148,	0.968749)	(152,	0.955234)	(242,	0.95204)	(199,	0.92973)	(151,	0.924145)	(220,	0.910685)	(145,	0.907003)	(191,	0.903479)	(226,	0.879908)	
(165,	1.0)	(167,	0.99287)	(153,	0.981636)	(168,	0.97977)	(212,	0.979563)	(146,	0.977698)	(163,	0.976085)	(118,	0.975746)	(169,	0.973912)	(215,	0.970643)	
(166,	1.0)	(216,	0.996945)	(173,	0.996327)	(169,	0.995796)	(163,	0.994964)	(170,	0.99278)	(172,	0.990513)	(153,	0.989889)	(175,	0.988044)	(167,	0.986432)	
(167,	1.0)	(165,	0.99287)	(212,	0.991319)	(153,	0.991146)	(163,	0.990642)	(146,	0.990316)	(215,	0.990039)	(168,	0.989893)	(216,	0.988883)	(172,	0.988453)	
(168,	1.0)	(212,	0.994144)	(193,	0.993586)	(146,	0.990628)	(167,	0.989893)	(215,	0.989848)	(179,	0.989693)	(210,	0.98967)	(178,	0.989396)	(213,	0.988859)	
(169,	1.0)	(166,	0.995796)	(175,	0.995723)	(153,	0.994289)	(189,	0.992419)	(173,	0.991887)	(216,	0.991489)	(163,	0.990017)	(116,	0.989785)	(174,	0.988471)	
(170,	1.0)	(216,	0.996236)	(163,	0.994788)	(173,	0.99388)	(172,	0.993735)	(166,	0.99278)	(211,	0.992225)	(210,	0.991034)	(215,	0.989776)	(153,	0.9891)	
(171,	1.0)	(174,	0.99873)	(189,	0.993242)	(116,	0.991161)	(115,	0.990399)	(175,	0.989202)	(169,	0.98666)	(182,	0.984516)	(239,	0.984365)	(184,	0.984261)	
(172,	1.0)	(216,	0.994313)	(173,	0.99429)	(170,	0.993735)	(166,	0.990513)	(211,	0.988986)	(163,	0.98877)	(167,	0.988453)	(203,	0.988208)	(215,	0.988127)	
(173,	1.0)	(166,	0.996327)	(216,	0.995421)	(172,	0.99429)	(170,	0.99388)	(169,	0.991887)	(163,	0.990176)	(203,	0.988549)	(189,	0.987802)	(239,	0.987462)	
(174,	1.0)	(171,	0.99873)	(189,	0.993878)	(116,	0.992961)	(115,	0.989494)	(175,	0.989298)	(169,	0.988471)	(184,	0.983087)	(182,	0.982963)	(173,	0.982076)	
(175,	1.0)	(169,	0.995723)	(153,	0.995601)	(184,	0.993022)	(189,	0.989703)	(174,	0.989298)	(171,	0.989202)	(166,	0.988044)	(201,	0.987785)	(239,	0.987176)	
(176,	1.0)	(172,	0.975882)	(216,	0.973425)	(173,	0.972008)	(166,	0.969828)	(170,	0.966154)	(239,	0.963639)	(163,	0.959492)	(210,	0.957308)	(215,	0.957135)	
(177,	1.0)	(181,	0.996368)	(183,	0.995744)	(193,	0.995394)	(190,	0.992727)	(179,	0.99158)	(188,	0.991536)	(146,	0.989433)	(215,	0.989313)	(200,	0.989274)	
(178,	1.0)	(193,	0.996135)	(183,	0.993586)	(200,	0.993452)	(179,	0.991654)	(230,	0.989683)	(190,	0.98965)	(168,	0.989396)	(177,	0.988926)	(210,	0.98816)	
(179,	1.0)	(190,	0.994858)	(193,	0.992682)	(181,	0.992241)	(230,	0.991864)	(183,	0.991666)	(178,	0.991654)	(177,	0.99158)	(188,	0.991191)	(168,	0.989693)	
(180,	1.0)	(178,	0.986071)	(153,	0.984865)	(179,	0.984718)	(184,	0.981641)	(193,	0.981578)	(181,	0.981363)	(190,	0.981084)	(175,	0.978635)	(177,	0.977955)	
(181,	1.0)	(177,	0.996368)	(188,	0.994418)	(183,	0.994088)	(190,	0.992339)	(179,	0.992241)	(193,	0.990849)	(200,	0.989709)	(178,	0.985765)	(197,	0.983422)	
(182,	1.0)	(189,	0.991359)	(239,	0.990827)	(173,	0.985551)	(171,	0.984516)	(175,	0.983087)	(174,	0.982963)	(170,	0.982352)	(169,	0.981118)	(184,	0.980733)	
(183,	1.0)	(200,	0.996256)	(193,	0.996158)	(177,	0.995744)	(181,	0.994088)	(178,	0.993586)	(190,	0.993087)	(188,	0.99183)	(179,	0.991666)	(210,	0.987518)	
(184,	1.0)	(175,	0.993022)	(153,	0.987636)	(171,	0.984261)	(239,	0.98352)	(241,	0.983485)	(169,	0.983203)	(174,	0.983087)	(180,	0.981641)	(201,	0.981606)	
(185,	1.0)	(126,	0.996328)	(125,	0.98581)	(124,	0.982615)	(240,	0.982013)	(132,	0.979058)	(133,	0.973543)	(139,	0.967915)	(115,	0.964669)	(140,	0.964051)	
(186,	1.0)	(228,	0.934235)	(147,	0.915709)	(278,	0.90344)	(156,	0.897684)	(227,	0.887872)	(279,	0.839098)	(220,	0.829369)	(287,	0.826042)	(277,	0.803324)	
(187,	1.0)	(196,	0.989002)	(192,	0.979451)	(157,	0.97838)	(194,	0.977504)	(214,	0.972228)	(243,	0.969604)	(197,	0.966204)	(150,	0.962801)	(230,	0.960453)	
(188,	1.0)	(190,	0.997889)	(181,	0.994418)	(183,	0.99183)	(177,	0.991536)	(179,	0.991191)	(210,	0.988868)	(193,	0.988337)	(215,	0.987062)	(153,	0.986026)	
(189,	1.0)	(116,	0.993998)	(174,	0.993878)	(171,	0.993242)	(169,	0.992419)	(182,	0.991359)	(175,	0.989703)	(173,	0.987802)	(166,	0.984969)	(203,	0.984342)	
(190,	1.0)	(188,	0.997889)	(179,	0.994858)	(210,	0.994407)	(193,	0.993395)	(183,	0.993087)	(177,	0.992727)	(181,	0.992339)	(215,	0.992336)	(211,	0.991507)	
(191,	1.0)	(199,	0.977631)	(226,	0.970722)	(292,	0.968242)	(145,	0.960706)	(151,	0.959802)	(148,	0.958345)	(294,	0.956993)	(152,	0.950628)	(242,	0.944575)	
(192,	1.0)	(157,	0.99468)	(214,	0.990845)	(150,	0.989498)	(177,	0.987717)	(168,	0.987034)	(179,	0.985436)	(146,	0.984561)	(198,	0.984058)	(193,	0.983392)	
(193,	1.0)	(183,	0.996158)	(178,	0.996135)	(177,	0.995394)	(168,	0.993586)	(190,	0.993395)	(179,	0.992682)	(210,	0.992022)	(200,	0.99199)	(215,	0.991588)	
(194,	1.0)	(198,	0.984119)	(197,	0.98308)	(245,	0.981767)	(192,	0.979964)	(187,	0.977504)	(157,	0.977321)	(168,	0.975543)	(150,	0.97207)	(193,	0.971898)	
(195,	1.0)	(149,	0.985842)	(198,	0.976234)	(197,	0.967612)	(194,	0.967274)	(157,	0.959444)	(241,	0.958967)	(214,	0.956997)	(192,	0.946887)	(213,	0.943776)	
(196,	1.0)	(187,	0.989002)	(157,	0.985063)	(161,	0.98184)	(214,	0.981308)	(192,	0.980007)	(160,	0.979133)	(158,	0.96796)	(121,	0.96711)	(194,	0.966765)	
(197,	1.0)	(193,	0.990849)	(177,	0.987476)	(168,	0.985982)	(213,	0.985501)	(198,	0.985467)	(179,	0.985456)	(178,	0.985394)	(230,	0.984483)	(183,	0.983716)	
(198,	1.0)	(157,	0.986755)	(197,	0.985467)	(194,	0.984119)	(192,	0.984058)	(168,	0.982314)	(177,	0.981006)	(214,	0.97947)	(193,	0.978466)	(153,	0.977483)	
(199,	1.0)	(292,	0.980312)	(152,	0.978285)	(191,	0.977631)	(294,	0.969322)	(226,	0.967125)	(242,	0.963334)	(151,	0.95689)	(148,	0.95552)	(317,	0.94916)	
(200,	1.0)	(183,	0.996256)	(178,	0.993452)	(193,	0.99199)	(181,	0.989709)	(177,	0.989274)	(179,	0.985357)	(190,	0.984831)	(188,	0.984258)	(150,	0.98081)	
(201,	1.0)	(202,	0.99184)	(175,	0.987785)	(169,	0.986302)	(116,	0.981992)	(153,	0.981788)	(184,	0.981606)	(189,	0.981264)	(174,	0.980901)	(171,	0.980675)	
(202,	1.0)	(201,	0.99184)	(204,	0.987151)	(153,	0.982156)	(188,	0.978877)	(190,	0.978726)	(175,	0.978424)	(169,	0.97718)	(181,	0.975726)	(177,	0.975662)	
(203,	1.0)	(116,	0.989913)	(173,	0.988549)	(172,	0.988208)	(169,	0.987737)	(170,	0.9869)	(166,	0.986394)	(189,	0.984342)	(211,	0.984255)	(163,	0.983917)	
(204,	1.0)	(202,	0.987151)	(153,	0.978338)	(190,	0.977405)	(201,	0.97662)	(215,	0.97653)	(177,	0.976448)	(188,	0.97478)	(146,	0.974408)	(203,	0.973186)	
(205,	1.0)	(206,	0.993407)	(208,	0.992409)	(207,	0.977006)	(209,	0.94926)	(143,	0.86008)	(144,	0.839232)	(151,	0.700716)	(145,	0.695274)	(191,	0.636284)	
(206,	1.0)	(205,	0.993407)	(208,	0.992354)	(207,	0.953553)	(209,	0.939399)	(143,	0.828139)	(144,	0.801031)	(151,	0.650961)	(145,	0.631312)	(191,	0.580307)	
(207,	1.0)	(205,	0.977006)	(208,	0.968482)	(206,	0.953553)	(209,	0.93015)	(143,	0.886654)	(144,	0.874274)	(145,	0.774137)	(151,	0.758731)	(147,	0.691139)	
(208,	1.0)	(205,	0.992409)	(206,	0.992354)	(207,	0.968482)	(209,	0.948044)	(143,	0.87061)	(144,	0.843446)	(151,	0.687055)	(145,	0.675869)	(191,	0.628694)	
(209,	1.0)	(205,	0.94926)	(208,	0.948044)	(206,	0.939399)	(207,	0.93015)	(144,	0.916278)	(143,	0.908606)	(151,	0.843969)	(145,	0.810487)	(191,	0.794414)	
(210,	1.0)	(215,	0.998774)	(211,	0.998619)	(146,	0.995799)	(190,	0.994407)	(213,	0.994037)	(193,	0.992022)	(212,	0.992001)	(170,	0.991034)	(216,	0.989702)	
(211,	1.0)	(210,	0.998619)	(215,	0.996683)	(146,	0.992557)	(170,	0.992225)	(190,	0.991507)	(213,	0.990077)	(212,	0.990011)	(216,	0.989685)	(163,	0.989103)	
(212,	1.0)	(168,	0.994144)	(210,	0.992001)	(167,	0.991319)	(163,	0.991109)	(216,	0.991002)	(211,	0.990011)	(146,	0.989706)	(190,	0.989647)	(215,	0.9894)	
(213,	1.0)	(215,	0.994883)	(146,	0.994099)	(210,	0.994037)	(193,	0.99146)	(211,	0.990077)	(168,	0.988859)	(150,	0.987971)	(177,	0.986836)	(178,	0.985899)	
(214,	1.0)	(157,	0.996385)	(192,	0.990845)	(150,	0.990494)	(213,	0.984945)	(146,	0.983962)	(196,	0.981308)	(215,	0.979639)	(198,	0.97947)	(177,	0.979219)	
(215,	1.0)	(210,	0.998774)	(211,	0.996683)	(146,	0.996147)	(213,	0.994883)	(190,	0.992336)	(193,	0.991588)	(167,	0.990039)	(168,	0.989848)	(170,	0.989776)	
(216,	1.0)	(166,	0.996945)	(163,	0.996314)	(170,	0.996236)	(173,	0.995421)	(172,	0.994313)	(169,	0.991489)	(212,	0.991002)	(153,	0.990986)	(210,	0.989702)	
(217,	1.0)	(219,	0.997158)	(218,	0.989613)	(220,	0.818518)	(119,	0.793509)	(164,	0.715735)	(242,	0.709493)	(148,	0.682323)	(145,	0.642265)	(143,	0.640157)	
(218,	1.0)	(219,	0.994595)	(217,	0.989613)	(119,	0.776887)	(220,	0.740014)	(242,	0.634311)	(164,	0.631815)	(148,	0.582479)	(152,	0.535935)	(143,	0.534622)	
(219,	1.0)	(217,	0.997158)	(218,	0.994595)	(119,	0.807049)	(220,	0.790965)	(164,	0.693483)	(242,	0.683831)	(148,	0.647429)	(143,	0.603757)	(191,	0.600295)	
(220,	1.0)	(227,	0.945405)	(145,	0.93866)	(191,	0.937679)	(148,	0.937673)	(226,	0.934944)	(242,	0.92731)	(152,	0.915206)	(164,	0.910685)	(199,	0.90378)	
(221,	1.0)	(224,	0.987134)	(225,	0.983934)	(222,	0.974218)	(251,	0.925418)	(223,	0.898863)	(226,	0.872735)	(252,	0.867709)	(227,	0.798214)	(199,	0.797684)	
(222,	1.0)	(225,	0.986539)	(224,	0.985167)	(251,	0.975331)	(221,	0.974218)	(252,	0.925752)	(223,	0.849998)	(246,	0.828691)	(248,	0.764457)	(226,	0.756418)	
(223,	1.0)	(221,	0.898863)	(148,	0.896238)	(164,	0.874052)	(226,	0.867772)	(199,	0.867603)	(225,	0.867359)	(224,	0.856924)	(151,	0.852219)	(222,	0.849998)	
(224,	1.0)	(225,	0.994275)	(221,	0.987134)	(222,	0.985167)	(251,	0.963457)	(252,	0.91053)	(223,	0.856924)	(226,	0.811145)	(246,	0.808837)	(247,	0.742963)	
(225,	1.0)	(224,	0.994275)	(222,	0.986539)	(221,	0.983934)	(251,	0.965734)	(252,	0.923482)	(223,	0.867359)	(246,	0.804464)	(226,	0.803785)	(306,	0.752729)	
(226,	1.0)	(191,	0.970722)	(199,	0.967125)	(227,	0.960908)	(151,	0.947906)	(152,	0.947642)	(292,	0.947264)	(145,	0.939965)	(148,	0.937521)	(220,	0.934944)	
(227,	1.0)	(145,	0.965681)	(226,	0.960908)	(220,	0.945405)	(147,	0.942615)	(191,	0.937062)	(148,	0.930782)	(151,	0.930297)	(152,	0.918793)	(199,	0.905232)	
(228,	1.0)	(278,	0.940741)	(186,	0.934235)	(156,	0.915413)	(279,	0.888444)	(277,	0.872336)	(280,	0.858615)	(257,	0.800243)	(147,	0.799344)	(287,	0.785818)	
(229,	1.0)	(245,	0.91272)	(162,	0.911133)	(194,	0.908276)	(243,	0.901684)	(230,	0.901533)	(187,	0.892878)	(178,	0.889924)	(197,	0.883186)	(200,	0.878022)	
(230,	1.0)	(179,	0.991864)	(178,	0.989683)	(193,	0.984805)	(197,	0.984483)	(183,	0.983348)	(168,	0.982677)	(192,	0.982545)	(231,	0.980434)	(200,	0.979892)	
(231,	1.0)	(232,	0.989462)	(230,	0.980434)	(182,	0.979457)	(241,	0.974938)	(179,	0.971368)	(239,	0.966589)	(128,	0.966038)	(184,	0.956197)	(170,	0.955668)	
(232,	1.0)	(231,	0.989462)	(230,	0.969323)	(182,	0.96685)	(137,	0.964506)	(243,	0.962957)	(179,	0.956868)	(129,	0.956652)	(130,	0.955747)	(172,	0.954132)	
(233,	1.0)	(284,	0.918986)	(244,	0.890545)	(281,	0.870465)	(227,	0.848601)	(287,	0.84673)	(289,	0.843188)	(266,	0.834228)	(271,	0.831539)	(145,	0.829834)	
(234,	1.0)	(235,	0.993568)	(236,	0.941681)	(237,	0.883854)	(238,	0.866613)	(268,	0.819403)	(187,	0.687895)	(196,	0.654345)	(245,	0.645705)	(192,	0.642677)	
(235,	1.0)	(234,	0.993568)	(236,	0.908739)	(237,	0.862782)	(268,	0.842621)	(238,	0.834616)	(187,	0.642803)	(196,	0.612163)	(245,	0.603838)	(192,	0.603346)	
(236,	1.0)	(234,	0.941681)	(235,	0.908739)	(187,	0.875104)	(196,	0.841414)	(245,	0.840385)	(194,	0.839184)	(229,	0.833918)	(192,	0.831104)	(238,	0.822849)	
(237,	1.0)	(238,	0.993444)	(268,	0.902353)	(234,	0.883854)	(235,	0.862782)	(236,	0.808993)	(242,	0.733982)	(186,	0.661346)	(226,	0.64778)	(199,	0.641976)	
(238,	1.0)	(237,	0.993444)	(234,	0.866613)	(268,	0.854266)	(235,	0.834616)	(236,	0.822849)	(242,	0.794386)	(226,	0.723296)	(199,	0.716794)	(191,	0.709679)	
(239,	1.0)	(182,	0.990827)	(241,	0.988827)	(173,	0.987462)	(175,	0.987176)	(166,	0.985195)	(170,	0.984754)	(169,	0.9846)	(171,	0.984365)	(189,	0.984172)	
(240,	1.0)	(126,	0.986925)	(185,	0.982013)	(125,	0.97922)	(171,	0.973962)	(124,	0.972383)	(184,	0.970965)	(115,	0.969549)	(174,	0.967434)	(241,	0.96427)	
(241,	1.0)	(239,	0.988827)	(184,	0.983485)	(182,	0.978241)	(175,	0.97686)	(180,	0.976413)	(231,	0.974938)	(197,	0.974115)	(179,	0.973366)	(153,	0.971632)	
(242,	1.0)	(199,	0.963334)	(152,	0.96139)	(148,	0.953708)	(164,	0.95204)	(191,	0.944575)	(226,	0.927434)	(220,	0.92731)	(292,	0.925187)	(294,	0.918962)	
(243,	1.0)	(230,	0.979037)	(187,	0.969604)	(192,	0.968945)	(232,	0.962957)	(214,	0.959352)	(168,	0.958084)	(213,	0.957914)	(197,	0.957459)	(179,	0.956828)	
(244,	1.0)	(24,	0.90057)	(284,	0.900365)	(281,	0.890787)	(233,	0.890545)	(289,	0.88355)	(254,	0.870216)	(285,	0.84886)	(23,	0.847842)	(271,	0.846457)	
(245,	1.0)	(194,	0.981767)	(197,	0.974945)	(198,	0.97036)	(230,	0.962562)	(192,	0.962168)	(180,	0.961902)	(168,	0.961893)	(162,	0.961749)	(177,	0.961226)	
(246,	1.0)	(248,	0.988958)	(249,	0.962119)	(258,	0.957245)	(250,	0.938628)	(247,	0.934039)	(252,	0.933241)	(251,	0.906261)	(260,	0.864585)	(263,	0.862831)	
(247,	1.0)	(263,	0.977546)	(250,	0.974668)	(258,	0.962225)	(248,	0.939812)	(249,	0.938481)	(246,	0.934039)	(260,	0.924153)	(262,	0.917658)	(254,	0.901543)	
(248,	1.0)	(246,	0.988958)	(258,	0.973271)	(249,	0.969523)	(250,	0.953161)	(247,	0.939812)	(260,	0.911866)	(252,	0.898063)	(263,	0.885674)	(251,	0.848047)	
(249,	1.0)	(250,	0.973156)	(248,	0.969523)	(246,	0.962119)	(258,	0.949377)	(247,	0.938481)	(260,	0.932116)	(261,	0.895445)	(263,	0.874446)	(253,	0.818615)	
(250,	1.0)	(247,	0.974668)	(249,	0.973156)	(258,	0.965257)	(248,	0.953161)	(260,	0.953082)	(263,	0.943698)	(246,	0.938628)	(261,	0.925276)	(262,	0.878767)	
(251,	1.0)	(252,	0.976193)	(222,	0.975331)	(225,	0.965734)	(224,	0.963457)	(221,	0.925418)	(246,	0.906261)	(248,	0.848047)	(258,	0.822697)	(247,	0.806484)	
(252,	1.0)	(251,	0.976193)	(246,	0.933241)	(222,	0.925752)	(225,	0.923482)	(224,	0.91053)	(248,	0.898063)	(258,	0.888663)	(221,	0.867709)	(247,	0.847052)	
(253,	1.0)	(261,	0.961259)	(255,	0.948597)	(257,	0.910984)	(260,	0.907485)	(280,	0.906195)	(263,	0.883447)	(256,	0.87794)	(247,	0.860862)	(250,	0.85831)	
(254,	1.0)	(262,	0.96509)	(263,	0.944007)	(247,	0.901543)	(314,	0.898476)	(25,	0.891648)	(312,	0.885955)	(313,	0.884754)	(24,	0.876716)	(244,	0.870216)	
(255,	1.0)	(257,	0.95855)	(256,	0.956681)	(253,	0.948597)	(261,	0.92876)	(280,	0.85181)	(260,	0.832658)	(277,	0.814779)	(279,	0.808031)	(278,	0.788852)	
(256,	1.0)	(257,	0.95964)	(255,	0.956681)	(253,	0.87794)	(261,	0.869436)	(277,	0.858434)	(279,	0.828125)	(280,	0.813191)	(260,	0.779597)	(278,	0.773885)	
(257,	1.0)	(256,	0.95964)	(255,	0.95855)	(277,	0.9418)	(279,	0.923473)	(261,	0.915422)	(253,	0.910984)	(280,	0.905096)	(278,	0.902867)	(260,	0.823214)	
(258,	1.0)	(248,	0.973271)	(250,	0.965257)	(247,	0.962225)	(246,	0.957245)	(249,	0.949377)	(263,	0.934552)	(260,	0.92909)	(252,	0.888663)	(261,	0.888179)	
(259,	1.0)	(345,	0.94922)	(347,	0.910766)	(346,	0.890661)	(348,	0.889384)	(349,	0.877298)	(344,	0.876134)	(343,	0.873064)	(341,	0.862903)	(350,	0.829505)	
(260,	1.0)	(250,	0.953082)	(261,	0.94723)	(249,	0.932116)	(258,	0.92909)	(263,	0.928099)	(247,	0.924153)	(248,	0.911866)	(253,	0.907485)	(280,	0.884755)	
(261,	1.0)	(253,	0.961259)	(260,	0.94723)	(255,	0.92876)	(250,	0.925276)	(280,	0.917702)	(257,	0.915422)	(249,	0.895445)	(263,	0.888429)	(258,	0.888179)	
(262,	1.0)	(254,	0.96509)	(263,	0.939177)	(247,	0.917658)	(250,	0.878767)	(152,	0.862101)	(258,	0.859719)	(227,	0.841151)	(314,	0.835967)	(226,	0.832363)	
(263,	1.0)	(247,	0.977546)	(254,	0.944007)	(250,	0.943698)	(262,	0.939177)	(258,	0.934552)	(260,	0.928099)	(280,	0.924505)	(261,	0.888429)	(248,	0.885674)	
(264,	1.0)	(283,	0.987412)	(273,	0.978594)	(272,	0.972075)	(271,	0.971227)	(265,	0.969987)	(281,	0.969724)	(274,	0.967752)	(276,	0.9675)	(269,	0.964839)	
(265,	1.0)	(276,	0.997364)	(273,	0.996652)	(272,	0.99615)	(269,	0.992799)	(270,	0.990407)	(275,	0.989904)	(274,	0.989598)	(283,	0.981847)	(271,	0.973983)	
(266,	1.0)	(273,	0.962294)	(264,	0.961712)	(283,	0.960057)	(265,	0.954995)	(276,	0.952088)	(269,	0.950847)	(272,	0.950177)	(274,	0.949473)	(270,	0.949403)	
(267,	1.0)	(272,	0.967707)	(282,	0.967158)	(265,	0.966378)	(275,	0.963472)	(273,	0.960913)	(281,	0.957528)	(276,	0.955147)	(271,	0.954234)	(274,	0.95219)	
(268,	1.0)	(237,	0.902353)	(238,	0.854266)	(235,	0.842621)	(234,	0.819403)	(288,	0.800966)	(236,	0.645642)	(256,	0.605102)	(255,	0.5836)	(244,	0.556274)	
(269,	1.0)	(270,	0.999177)	(276,	0.997437)	(274,	0.995032)	(275,	0.993606)	(273,	0.99349)	(265,	0.992799)	(272,	0.992587)	(271,	0.984058)	(283,	0.967525)	
(270,	1.0)	(269,	0.999177)	(276,	0.995386)	(275,	0.994925)	(274,	0.993951)	(273,	0.992652)	(272,	0.992281)	(265,	0.990407)	(271,	0.986172)	(281,	0.969158)	
(271,	1.0)	(281,	0.98731)	(275,	0.98618)	(270,	0.986172)	(289,	0.985999)	(269,	0.984058)	(274,	0.984025)	(272,	0.983307)	(273,	0.98225)	(276,	0.976268)	
(272,	1.0)	(273,	0.997222)	(265,	0.99615)	(275,	0.995731)	(276,	0.993971)	(269,	0.992587)	(270,	0.992281)	(274,	0.989013)	(271,	0.983307)	(283,	0.975858)	
(273,	1.0)	(272,	0.997222)	(265,	0.996652)	(276,	0.995298)	(269,	0.99349)	(270,	0.992652)	(275,	0.99174)	(274,	0.990462)	(283,	0.984918)	(271,	0.98225)	
(274,	1.0)	(269,	0.995032)	(270,	0.993951)	(276,	0.990722)	(275,	0.990534)	(273,	0.990462)	(265,	0.989598)	(272,	0.989013)	(271,	0.984025)	(281,	0.970163)	
(275,	1.0)	(272,	0.995731)	(270,	0.994925)	(269,	0.993606)	(273,	0.99174)	(276,	0.990541)	(274,	0.990534)	(265,	0.989904)	(271,	0.98618)	(281,	0.971945)	
(276,	1.0)	(269,	0.997437)	(265,	0.997364)	(270,	0.995386)	(273,	0.995298)	(272,	0.993971)	(274,	0.990722)	(275,	0.990541)	(283,	0.976929)	(271,	0.976268)	
(277,	1.0)	(279,	0.982834)	(278,	0.959855)	(257,	0.9418)	(280,	0.903959)	(228,	0.872336)	(256,	0.858434)	(287,	0.825767)	(255,	0.814779)	(261,	0.813971)	
(278,	1.0)	(277,	0.959855)	(279,	0.95885)	(228,	0.940741)	(186,	0.90344)	(257,	0.902867)	(280,	0.902184)	(156,	0.874956)	(287,	0.864511)	(261,	0.811939)	
(279,	1.0)	(277,	0.982834)	(278,	0.95885)	(280,	0.949177)	(257,	0.923473)	(228,	0.888444)	(287,	0.855506)	(186,	0.839098)	(256,	0.828125)	(261,	0.822566)	
(280,	1.0)	(279,	0.949177)	(263,	0.924505)	(261,	0.917702)	(253,	0.906195)	(257,	0.905096)	(277,	0.903959)	(278,	0.902184)	(247,	0.885719)	(260,	0.884755)	
(281,	1.0)	(271,	0.98731)	(289,	0.982443)	(284,	0.977188)	(275,	0.971945)	(273,	0.970727)	(272,	0.970375)	(274,	0.970163)	(264,	0.969724)	(270,	0.969158)	
(282,	1.0)	(283,	0.980035)	(265,	0.968974)	(267,	0.967158)	(272,	0.96588)	(273,	0.964178)	(264,	0.96351)	(276,	0.954562)	(275,	0.945119)	(274,	0.93948)	
(283,	1.0)	(264,	0.987412)	(273,	0.984918)	(265,	0.981847)	(282,	0.980035)	(276,	0.976929)	(272,	0.975858)	(274,	0.967693)	(269,	0.967525)	(270,	0.964401)	
(284,	1.0)	(281,	0.977188)	(289,	0.962843)	(271,	0.960676)	(285,	0.94498)	(270,	0.943097)	(264,	0.941318)	(269,	0.93905)	(273,	0.938328)	(274,	0.935718)	
(285,	1.0)	(271,	0.971829)	(281,	0.966919)	(270,	0.965624)	(289,	0.965407)	(272,	0.963907)	(275,	0.963714)	(269,	0.962185)	(273,	0.960153)	(276,	0.952754)	
(286,	1.0)	(274,	0.967925)	(269,	0.9546)	(265,	0.954446)	(270,	0.953722)	(276,	0.952301)	(275,	0.947238)	(273,	0.946834)	(272,	0.944289)	(271,	0.936079)	
(287,	1.0)	(278,	0.864511)	(279,	0.855506)	(156,	0.850187)	(233,	0.84673)	(266,	0.826344)	(186,	0.826042)	(277,	0.825767)	(147,	0.802657)	(244,	0.789705)	
(288,	1.0)	(282,	0.880524)	(267,	0.86355)	(283,	0.807028)	(268,	0.800966)	(264,	0.797399)	(281,	0.794946)	(272,	0.773471)	(265,	0.771671)	(273,	0.763661)	
(289,	1.0)	(271,	0.985999)	(281,	0.982443)	(275,	0.967715)	(285,	0.965407)	(284,	0.962843)	(270,	0.962191)	(274,	0.956514)	(269,	0.95646)	(272,	0.955207)	
(290,	1.0)	(303,	0.969192)	(293,	0.963687)	(317,	0.949707)	(315,	0.945365)	(291,	0.938009)	(318,	0.933289)	(295,	0.926467)	(296,	0.922418)	(294,	0.908926)	
(291,	1.0)	(320,	0.978456)	(303,	0.975811)	(314,	0.974374)	(313,	0.963716)	(319,	0.962346)	(293,	0.959327)	(318,	0.95818)	(295,	0.947979)	(296,	0.943241)	
(292,	1.0)	(294,	0.995425)	(199,	0.980312)	(317,	0.979094)	(191,	0.968242)	(152,	0.948126)	(226,	0.947264)	(293,	0.937633)	(242,	0.925187)	(151,	0.919378)	
(293,	1.0)	(303,	0.979312)	(290,	0.963687)	(294,	0.959914)	(291,	0.959327)	(317,	0.956888)	(320,	0.938646)	(292,	0.937633)	(314,	0.936758)	(152,	0.92963)	
(294,	1.0)	(292,	0.995425)	(317,	0.97782)	(199,	0.969322)	(293,	0.959914)	(191,	0.956993)	(152,	0.947006)	(226,	0.925729)	(242,	0.918962)	(290,	0.908926)	
(295,	1.0)	(300,	0.995943)	(302,	0.99423)	(318,	0.987894)	(298,	0.984536)	(297,	0.981703)	(296,	0.981454)	(301,	0.97752)	(12,	0.976003)	(299,	0.9682)	
(296,	1.0)	(318,	0.991169)	(295,	0.981454)	(300,	0.977556)	(302,	0.973125)	(298,	0.961034)	(297,	0.959044)	(301,	0.954309)	(12,	0.946526)	(291,	0.943241)	
(297,	1.0)	(298,	0.998336)	(301,	0.989567)	(302,	0.984014)	(295,	0.981703)	(300,	0.978701)	(299,	0.976235)	(12,	0.974611)	(10,	0.971469)	(5,	0.966752)	
(298,	1.0)	(297,	0.998336)	(301,	0.991567)	(302,	0.988177)	(295,	0.984536)	(300,	0.984047)	(299,	0.979229)	(12,	0.97763)	(10,	0.973193)	(5,	0.971317)	
(299,	1.0)	(302,	0.984674)	(301,	0.981092)	(298,	0.979229)	(300,	0.978449)	(12,	0.97823)	(11,	0.976776)	(297,	0.976235)	(6,	0.971037)	(9,	0.969791)	
(300,	1.0)	(302,	0.996173)	(295,	0.995943)	(298,	0.984047)	(318,	0.982424)	(12,	0.980784)	(297,	0.978701)	(299,	0.978449)	(301,	0.978397)	(296,	0.977556)	
(301,	1.0)	(298,	0.991567)	(5,	0.990278)	(297,	0.989567)	(12,	0.987411)	(302,	0.985493)	(6,	0.982904)	(299,	0.981092)	(9,	0.979447)	(300,	0.978397)	
(302,	1.0)	(300,	0.996173)	(295,	0.99423)	(298,	0.988177)	(12,	0.987099)	(301,	0.985493)	(299,	0.984674)	(297,	0.984014)	(318,	0.978792)	(5,	0.975647)	
(303,	1.0)	(293,	0.979312)	(291,	0.975811)	(320,	0.970829)	(290,	0.969192)	(314,	0.955054)	(321,	0.943527)	(318,	0.935894)	(310,	0.934521)	(295,	0.926967)	
(304,	1.0)	(312,	0.934869)	(320,	0.906313)	(110,	0.902045)	(319,	0.902016)	(25,	0.899088)	(114,	0.889927)	(105,	0.882802)	(321,	0.881635)	(313,	0.876627)	
(305,	1.0)	(310,	0.95593)	(306,	0.953755)	(295,	0.921875)	(300,	0.921124)	(302,	0.920947)	(12,	0.919703)	(6,	0.911339)	(319,	0.905736)	(5,	0.904766)	
(306,	1.0)	(305,	0.953755)	(310,	0.926535)	(311,	0.872282)	(314,	0.865573)	(320,	0.859544)	(319,	0.857935)	(303,	0.840474)	(313,	0.835782)	(25,	0.830792)	
(307,	1.0)	(319,	0.970791)	(309,	0.965684)	(313,	0.964389)	(25,	0.958456)	(320,	0.953528)	(308,	0.936289)	(23,	0.934064)	(311,	0.933969)	(312,	0.929608)	
(308,	1.0)	(309,	0.979364)	(13,	0.964956)	(17,	0.938752)	(307,	0.936289)	(25,	0.928785)	(19,	0.921205)	(6,	0.909906)	(18,	0.909386)	(23,	0.908393)	
(309,	1.0)	(308,	0.979364)	(6,	0.966076)	(307,	0.965684)	(5,	0.950922)	(319,	0.94841)	(11,	0.946513)	(25,	0.941388)	(12,	0.941365)	(313,	0.933276)	
(310,	1.0)	(319,	0.963704)	(320,	0.959775)	(305,	0.95593)	(311,	0.947134)	(291,	0.9389)	(295,	0.938383)	(300,	0.936367)	(314,	0.93568)	(303,	0.934521)	
(311,	1.0)	(310,	0.947134)	(319,	0.940371)	(307,	0.933969)	(320,	0.909505)	(309,	0.89012)	(314,	0.889599)	(313,	0.887823)	(25,	0.882935)	(306,	0.872282)	
(312,	1.0)	(313,	0.96451)	(25,	0.958199)	(23,	0.95163)	(314,	0.950951)	(319,	0.948791)	(320,	0.943084)	(304,	0.934869)	(110,	0.93265)	(291,	0.930138)	
(313,	1.0)	(314,	0.982568)	(319,	0.974061)	(320,	0.972167)	(312,	0.96451)	(307,	0.964389)	(291,	0.963716)	(25,	0.961303)	(23,	0.949389)	(309,	0.933276)	
(314,	1.0)	(313,	0.982568)	(291,	0.974374)	(320,	0.968593)	(319,	0.955419)	(303,	0.955054)	(312,	0.950951)	(293,	0.936758)	(310,	0.93568)	(307,	0.927365)	
(315,	1.0)	(316,	0.979707)	(290,	0.945365)	(317,	0.92893)	(293,	0.896535)	(303,	0.896116)	(294,	0.865859)	(321,	0.863203)	(292,	0.860063)	(152,	0.846815)	
(316,	1.0)	(315,	0.979707)	(317,	0.914983)	(290,	0.878289)	(292,	0.866431)	(199,	0.863746)	(152,	0.858055)	(294,	0.857199)	(293,	0.848817)	(303,	0.828167)	
(317,	1.0)	(292,	0.979094)	(294,	0.97782)	(293,	0.956888)	(290,	0.949707)	(199,	0.94916)	(152,	0.932537)	(315,	0.92893)	(303,	0.920728)	(316,	0.914983)	
(318,	1.0)	(296,	0.991169)	(295,	0.987894)	(300,	0.982424)	(302,	0.978792)	(298,	0.962456)	(301,	0.961891)	(297,	0.960824)	(12,	0.959273)	(291,	0.95818)	
(319,	1.0)	(320,	0.980778)	(313,	0.974061)	(307,	0.970791)	(310,	0.963704)	(291,	0.962346)	(25,	0.956786)	(314,	0.955419)	(312,	0.948791)	(309,	0.94841)	
(320,	1.0)	(319,	0.980778)	(291,	0.978456)	(313,	0.972167)	(303,	0.970829)	(314,	0.968593)	(310,	0.959775)	(307,	0.953528)	(321,	0.952199)	(312,	0.943084)	
(321,	1.0)	(320,	0.952199)	(303,	0.943527)	(291,	0.937524)	(296,	0.93224)	(318,	0.923447)	(319,	0.913858)	(314,	0.909458)	(313,	0.903396)	(293,	0.899237)	
(322,	1.0)	(30,	0.992622)	(333,	0.957808)	(340,	0.955347)	(338,	0.954949)	(342,	0.95341)	(337,	0.922664)	(341,	0.917159)	(348,	0.915952)	(339,	0.907965)	
(323,	1.0)	(326,	0.993263)	(328,	0.988674)	(327,	0.984283)	(325,	0.972884)	(329,	0.968727)	(330,	0.958709)	(332,	0.948722)	(334,	0.939308)	(324,	0.937703)	
(324,	1.0)	(325,	0.98348)	(327,	0.943377)	(323,	0.937703)	(331,	0.920101)	(328,	0.909141)	(332,	0.90401)	(326,	0.900149)	(336,	0.888279)	(330,	0.880586)	
(325,	1.0)	(324,	0.98348)	(323,	0.972884)	(327,	0.961042)	(332,	0.956752)	(328,	0.956618)	(331,	0.950934)	(330,	0.944751)	(326,	0.943569)	(336,	0.934874)	
(326,	1.0)	(323,	0.993263)	(328,	0.991478)	(327,	0.98317)	(329,	0.971946)	(330,	0.955048)	(325,	0.943569)	(332,	0.937229)	(334,	0.932554)	(324,	0.900149)	
(327,	1.0)	(323,	0.984283)	(326,	0.98317)	(328,	0.978266)	(325,	0.961042)	(324,	0.943377)	(329,	0.93822)	(330,	0.931661)	(332,	0.930565)	(334,	0.905167)	
(328,	1.0)	(326,	0.991478)	(323,	0.988674)	(329,	0.983172)	(327,	0.978266)	(330,	0.976223)	(332,	0.963437)	(334,	0.959599)	(325,	0.956618)	(324,	0.909141)	
(329,	1.0)	(330,	0.994541)	(334,	0.987334)	(328,	0.983172)	(332,	0.978792)	(326,	0.971946)	(323,	0.968727)	(327,	0.93822)	(325,	0.933983)	(336,	0.922515)	
(330,	1.0)	(334,	0.996577)	(329,	0.994541)	(332,	0.991733)	(328,	0.976223)	(323,	0.958709)	(326,	0.955048)	(336,	0.94997)	(325,	0.944751)	(331,	0.94075)	
(331,	1.0)	(336,	0.99154)	(335,	0.986593)	(332,	0.964679)	(334,	0.951369)	(325,	0.950934)	(330,	0.94075)	(324,	0.920101)	(329,	0.910184)	(328,	0.894542)	
(332,	1.0)	(330,	0.991733)	(334,	0.99132)	(329,	0.978792)	(336,	0.967153)	(331,	0.964679)	(328,	0.963437)	(325,	0.956752)	(323,	0.948722)	(326,	0.937229)	
(333,	1.0)	(342,	0.987426)	(338,	0.986528)	(337,	0.979915)	(322,	0.957808)	(340,	0.947616)	(30,	0.930974)	(341,	0.918472)	(348,	0.915945)	(339,	0.90037)	
(334,	1.0)	(330,	0.996577)	(332,	0.99132)	(329,	0.987334)	(336,	0.965318)	(328,	0.959599)	(331,	0.951369)	(323,	0.939308)	(325,	0.933175)	(326,	0.932554)	
(335,	1.0)	(336,	0.991696)	(331,	0.986593)	(332,	0.936962)	(334,	0.931073)	(325,	0.918633)	(330,	0.911359)	(324,	0.879326)	(322,	0.879209)	(329,	0.878548)	
(336,	1.0)	(335,	0.991696)	(331,	0.99154)	(332,	0.967153)	(334,	0.965318)	(330,	0.94997)	(325,	0.934874)	(329,	0.922515)	(328,	0.897826)	(323,	0.889182)	
(337,	1.0)	(333,	0.979915)	(338,	0.974819)	(342,	0.949174)	(340,	0.940818)	(322,	0.922664)	(339,	0.917403)	(341,	0.904125)	(30,	0.893699)	(350,	0.874738)	
(338,	1.0)	(333,	0.986528)	(342,	0.978457)	(337,	0.974819)	(340,	0.958954)	(322,	0.954949)	(341,	0.944427)	(30,	0.92741)	(348,	0.923115)	(339,	0.908968)	
(339,	1.0)	(340,	0.968817)	(343,	0.937707)	(341,	0.9278)	(337,	0.917403)	(110,	0.917255)	(338,	0.908968)	(322,	0.907965)	(30,	0.900383)	(333,	0.90037)	
(340,	1.0)	(341,	0.980693)	(339,	0.968817)	(338,	0.958954)	(322,	0.955347)	(333,	0.947616)	(30,	0.941937)	(337,	0.940818)	(342,	0.938944)	(348,	0.938772)	
(341,	1.0)	(340,	0.980693)	(349,	0.967322)	(348,	0.96676)	(347,	0.949042)	(344,	0.945588)	(338,	0.944427)	(342,	0.928949)	(339,	0.9278)	(343,	0.924768)	
(342,	1.0)	(333,	0.987426)	(338,	0.978457)	(322,	0.95341)	(348,	0.950326)	(337,	0.949174)	(340,	0.938944)	(341,	0.928949)	(30,	0.927387)	(350,	0.915151)	
(343,	1.0)	(344,	0.970944)	(110,	0.964168)	(108,	0.946483)	(347,	0.944684)	(339,	0.937707)	(350,	0.936738)	(341,	0.924768)	(340,	0.916362)	(349,	0.905123)	
(344,	1.0)	(347,	0.983085)	(350,	0.971022)	(343,	0.970944)	(108,	0.952843)	(349,	0.946032)	(341,	0.945588)	(346,	0.944294)	(348,	0.939839)	(345,	0.929572)	
(345,	1.0)	(346,	0.966131)	(347,	0.958502)	(259,	0.94922)	(349,	0.942787)	(344,	0.929572)	(348,	0.928913)	(341,	0.905758)	(350,	0.89395)	(343,	0.875576)	
(346,	1.0)	(349,	0.981768)	(345,	0.966131)	(347,	0.962141)	(344,	0.944294)	(341,	0.920708)	(348,	0.907563)	(343,	0.899185)	(259,	0.890661)	(350,	0.886711)	
(347,	1.0)	(344,	0.983085)	(348,	0.965599)	(346,	0.962141)	(349,	0.961897)	(345,	0.958502)	(341,	0.949042)	(343,	0.944684)	(350,	0.938034)	(108,	0.918114)	
(348,	1.0)	(341,	0.96676)	(347,	0.965599)	(342,	0.950326)	(344,	0.939839)	(340,	0.938772)	(349,	0.936847)	(345,	0.928913)	(338,	0.923115)	(322,	0.915952)	
(349,	1.0)	(346,	0.981768)	(341,	0.967322)	(347,	0.961897)	(344,	0.946032)	(345,	0.942787)	(348,	0.936847)	(340,	0.91612)	(343,	0.905123)	(350,	0.885638)	
(350,	1.0)	(344,	0.971022)	(108,	0.941446)	(347,	0.938034)	(343,	0.936738)	(107,	0.92574)	(342,	0.915151)	(348,	0.910444)	(341,	0.905215)	(338,	0.895774)	
