(0,	1.0)	(299,	0.942037)	(167,	0.938705)	(185,	0.938222)	(269,	0.931713)	(235,	0.840754)	(240,	0.805802)	(130,	0.756999)	(156,	0.721604)	(226,	0.657185)	
(1,	1.0)	(114,	0.964895)	(21,	0.958249)	(20,	0.951226)	(113,	0.948733)	(23,	0.942856)	(18,	0.941858)	(17,	0.941306)	(22,	0.937695)	(16,	0.933897)	
(2,	1.0)	(113,	0.934337)	(114,	0.932281)	(20,	0.930026)	(1,	0.924913)	(18,	0.91662)	(115,	0.915636)	(323,	0.910935)	(14,	0.910695)	(24,	0.901113)	
(3,	1.0)	(113,	0.950457)	(112,	0.925595)	(18,	0.914583)	(20,	0.895627)	(114,	0.869923)	(115,	0.866362)	(19,	0.861131)	(17,	0.858152)	(1,	0.856678)	
(4,	1.0)	(10,	0.995367)	(12,	0.990088)	(11,	0.989815)	(5,	0.982788)	(8,	0.981105)	(13,	0.965216)	(7,	0.964033)	(6,	0.961701)	(309,	0.944273)	
(5,	1.0)	(8,	0.9925)	(11,	0.986771)	(10,	0.985982)	(4,	0.982788)	(12,	0.970814)	(9,	0.944434)	(13,	0.943444)	(6,	0.940154)	(7,	0.936346)	
(6,	1.0)	(13,	0.98946)	(7,	0.984636)	(312,	0.983396)	(10,	0.974783)	(309,	0.972756)	(12,	0.970764)	(308,	0.967188)	(11,	0.964821)	(4,	0.961701)	
(7,	1.0)	(6,	0.984636)	(13,	0.977029)	(312,	0.970229)	(10,	0.969155)	(12,	0.968433)	(4,	0.964033)	(11,	0.956429)	(309,	0.955985)	(313,	0.949862)	
(8,	1.0)	(5,	0.9925)	(11,	0.990887)	(10,	0.98501)	(4,	0.981105)	(12,	0.964671)	(9,	0.946315)	(13,	0.939857)	(6,	0.93452)	(309,	0.925161)	
(9,	1.0)	(11,	0.951922)	(10,	0.949982)	(8,	0.946315)	(5,	0.944434)	(6,	0.93811)	(13,	0.932964)	(309,	0.92805)	(308,	0.926177)	(4,	0.92569)	
(10,	1.0)	(4,	0.995367)	(11,	0.992288)	(12,	0.991163)	(5,	0.985982)	(8,	0.98501)	(6,	0.974783)	(13,	0.972884)	(7,	0.969155)	(309,	0.955133)	
(11,	1.0)	(10,	0.992288)	(8,	0.990887)	(4,	0.989815)	(5,	0.986771)	(12,	0.974788)	(13,	0.971413)	(6,	0.964821)	(309,	0.959136)	(7,	0.956429)	
(12,	1.0)	(10,	0.991163)	(4,	0.990088)	(11,	0.974788)	(5,	0.970814)	(6,	0.970764)	(13,	0.970638)	(7,	0.968433)	(310,	0.967438)	(8,	0.964671)	
(13,	1.0)	(6,	0.98946)	(309,	0.981611)	(312,	0.979722)	(7,	0.977029)	(308,	0.976433)	(10,	0.972884)	(310,	0.972066)	(11,	0.971413)	(12,	0.970638)	
(14,	1.0)	(20,	0.9713)	(19,	0.96773)	(18,	0.958236)	(26,	0.952814)	(319,	0.952303)	(24,	0.935356)	(21,	0.930519)	(17,	0.926353)	(320,	0.925425)	
(15,	1.0)	(22,	0.985231)	(16,	0.979592)	(17,	0.966903)	(23,	0.93205)	(21,	0.924432)	(18,	0.899615)	(1,	0.889632)	(319,	0.881157)	(20,	0.868539)	
(16,	1.0)	(17,	0.997858)	(22,	0.984503)	(15,	0.979592)	(21,	0.95667)	(18,	0.946549)	(23,	0.937332)	(20,	0.935023)	(1,	0.933897)	(14,	0.917915)	
(17,	1.0)	(16,	0.997858)	(22,	0.977878)	(15,	0.966903)	(21,	0.963299)	(18,	0.95536)	(20,	0.949493)	(1,	0.941306)	(23,	0.938049)	(14,	0.926353)	
(18,	1.0)	(20,	0.974986)	(113,	0.965282)	(19,	0.959221)	(14,	0.958236)	(17,	0.95536)	(114,	0.950914)	(16,	0.946549)	(1,	0.941858)	(319,	0.93367)	
(19,	1.0)	(26,	0.973793)	(14,	0.96773)	(20,	0.9604)	(18,	0.959221)	(24,	0.948919)	(115,	0.93986)	(318,	0.931535)	(319,	0.92181)	(114,	0.919441)	
(20,	1.0)	(18,	0.974986)	(14,	0.9713)	(114,	0.967265)	(19,	0.9604)	(113,	0.959321)	(1,	0.951226)	(115,	0.94964)	(17,	0.949493)	(21,	0.948313)	
(21,	1.0)	(22,	0.963837)	(17,	0.963299)	(1,	0.958249)	(16,	0.95667)	(20,	0.948313)	(23,	0.941675)	(18,	0.931629)	(14,	0.930519)	(15,	0.924432)	
(22,	1.0)	(15,	0.985231)	(16,	0.984503)	(17,	0.977878)	(21,	0.963837)	(23,	0.953231)	(1,	0.937695)	(18,	0.918034)	(20,	0.901736)	(14,	0.893341)	
(23,	1.0)	(22,	0.953231)	(1,	0.942856)	(21,	0.941675)	(17,	0.938049)	(16,	0.937332)	(15,	0.93205)	(114,	0.906369)	(18,	0.900151)	(113,	0.896062)	
(24,	1.0)	(26,	0.963676)	(323,	0.961318)	(25,	0.955959)	(324,	0.950533)	(19,	0.948919)	(14,	0.935356)	(330,	0.930316)	(20,	0.920864)	(325,	0.920193)	
(25,	1.0)	(24,	0.955959)	(323,	0.940364)	(26,	0.911409)	(252,	0.907011)	(2,	0.894393)	(262,	0.893134)	(19,	0.886788)	(20,	0.886389)	(324,	0.885896)	
(26,	1.0)	(19,	0.973793)	(24,	0.963676)	(14,	0.952814)	(318,	0.941403)	(20,	0.932145)	(330,	0.92759)	(323,	0.926271)	(324,	0.918885)	(115,	0.917676)	
(27,	1.0)	(33,	0.992553)	(29,	0.979092)	(32,	0.953107)	(34,	0.940425)	(28,	0.893917)	(112,	0.869938)	(115,	0.823594)	(114,	0.813523)	(23,	0.795033)	
(28,	1.0)	(32,	0.9224)	(33,	0.907573)	(27,	0.893917)	(29,	0.874461)	(34,	0.85929)	(115,	0.83343)	(112,	0.815482)	(114,	0.814393)	(262,	0.788238)	
(29,	1.0)	(33,	0.984046)	(27,	0.979092)	(32,	0.962883)	(34,	0.938445)	(112,	0.920206)	(114,	0.879034)	(28,	0.874461)	(115,	0.873395)	(113,	0.862702)	
(30,	1.0)	(190,	0.929387)	(134,	0.926544)	(141,	0.92383)	(142,	0.920009)	(189,	0.909025)	(127,	0.907121)	(249,	0.905899)	(126,	0.89992)	(248,	0.896552)	
(31,	1.0)	(333,	0.991752)	(351,	0.943155)	(350,	0.89943)	(352,	0.8958)	(359,	0.880144)	(353,	0.846866)	(349,	0.844393)	(344,	0.821902)	(358,	0.803685)	
(32,	1.0)	(33,	0.973601)	(29,	0.962883)	(27,	0.953107)	(34,	0.952524)	(115,	0.925559)	(28,	0.9224)	(112,	0.901061)	(114,	0.897158)	(113,	0.852484)	
(33,	1.0)	(27,	0.992553)	(29,	0.984046)	(32,	0.973601)	(34,	0.957723)	(28,	0.907573)	(112,	0.883322)	(115,	0.851217)	(114,	0.841926)	(113,	0.807261)	
(34,	1.0)	(33,	0.957723)	(32,	0.952524)	(27,	0.940425)	(29,	0.938445)	(28,	0.85929)	(112,	0.842165)	(115,	0.839982)	(114,	0.81686)	(113,	0.790922)	
(35,	1.0)	(38,	0.993277)	(36,	0.989982)	(37,	0.983764)	(39,	0.976225)	(34,	0.650919)	(33,	0.55717)	(27,	0.545717)	(29,	0.533649)	(32,	0.515585)	
(36,	1.0)	(38,	0.996828)	(37,	0.990858)	(35,	0.989982)	(39,	0.987268)	(34,	0.589161)	(33,	0.4725)	(27,	0.449733)	(29,	0.448232)	(296,	0.44312)	
(37,	1.0)	(38,	0.993879)	(36,	0.990858)	(35,	0.983764)	(39,	0.971613)	(34,	0.617823)	(33,	0.498714)	(29,	0.487454)	(32,	0.482255)	(27,	0.476797)	
(38,	1.0)	(36,	0.996828)	(37,	0.993879)	(35,	0.993277)	(39,	0.982999)	(34,	0.634624)	(33,	0.522277)	(29,	0.50166)	(27,	0.500819)	(32,	0.495291)	
(39,	1.0)	(36,	0.987268)	(38,	0.982999)	(35,	0.976225)	(37,	0.971613)	(34,	0.592635)	(296,	0.532486)	(33,	0.464916)	(27,	0.441338)	(29,	0.433021)	
(40,	1.0)	(42,	0.994756)	(41,	0.994416)	(43,	0.991934)	(44,	0.98883)	(46,	0.974886)	(50,	0.972508)	(45,	0.950547)	(48,	0.946785)	(105,	0.944082)	
(41,	1.0)	(43,	0.995746)	(40,	0.994416)	(42,	0.992708)	(44,	0.987021)	(46,	0.985096)	(50,	0.978827)	(105,	0.967947)	(45,	0.96674)	(48,	0.964786)	
(42,	1.0)	(40,	0.994756)	(43,	0.993592)	(41,	0.992708)	(44,	0.987884)	(50,	0.980781)	(46,	0.974948)	(45,	0.960457)	(48,	0.960158)	(105,	0.956892)	
(43,	1.0)	(41,	0.995746)	(42,	0.993592)	(40,	0.991934)	(44,	0.976757)	(46,	0.976258)	(50,	0.968587)	(105,	0.964937)	(45,	0.96485)	(48,	0.961893)	
(44,	1.0)	(40,	0.98883)	(42,	0.987884)	(50,	0.987278)	(41,	0.987021)	(46,	0.980539)	(43,	0.976757)	(48,	0.957343)	(45,	0.95619)	(49,	0.949285)	
(45,	1.0)	(51,	0.996837)	(49,	0.99493)	(47,	0.980245)	(50,	0.977961)	(46,	0.97733)	(48,	0.973512)	(105,	0.96828)	(41,	0.96674)	(43,	0.96485)	
(46,	1.0)	(50,	0.98693)	(41,	0.985096)	(44,	0.980539)	(48,	0.979827)	(45,	0.97733)	(43,	0.976258)	(42,	0.974948)	(40,	0.974886)	(105,	0.972137)	
(47,	1.0)	(51,	0.987211)	(45,	0.980245)	(49,	0.969235)	(48,	0.9689)	(105,	0.965482)	(50,	0.948686)	(46,	0.942754)	(41,	0.926027)	(43,	0.92401)	
(48,	1.0)	(105,	0.987721)	(46,	0.979827)	(50,	0.976934)	(45,	0.973512)	(51,	0.970086)	(47,	0.9689)	(41,	0.964786)	(43,	0.961893)	(42,	0.960158)	
(49,	1.0)	(45,	0.99493)	(51,	0.993873)	(50,	0.972356)	(47,	0.969235)	(46,	0.968363)	(41,	0.954859)	(48,	0.95428)	(43,	0.949418)	(44,	0.949285)	
(50,	1.0)	(44,	0.987278)	(46,	0.98693)	(42,	0.980781)	(41,	0.978827)	(45,	0.977961)	(48,	0.976934)	(40,	0.972508)	(49,	0.972356)	(51,	0.97116)	
(51,	1.0)	(45,	0.996837)	(49,	0.993873)	(47,	0.987211)	(50,	0.97116)	(48,	0.970086)	(46,	0.968209)	(105,	0.965276)	(41,	0.954872)	(43,	0.950551)	
(52,	1.0)	(77,	0.999583)	(83,	0.999569)	(74,	0.999525)	(62,	0.999514)	(58,	0.99951)	(57,	0.999492)	(75,	0.999467)	(66,	0.999453)	(93,	0.999449)	
(53,	1.0)	(90,	0.999854)	(60,	0.99974)	(91,	0.999739)	(58,	0.999711)	(92,	0.999645)	(95,	0.999639)	(93,	0.999632)	(87,	0.99958)	(74,	0.999553)	
(54,	1.0)	(95,	0.999683)	(90,	0.999648)	(88,	0.999516)	(60,	0.999508)	(89,	0.9995)	(70,	0.999452)	(72,	0.999449)	(93,	0.999427)	(87,	0.999427)	
(55,	1.0)	(85,	0.99371)	(64,	0.93703)	(63,	0.936999)	(75,	0.936994)	(81,	0.936344)	(96,	0.935764)	(65,	0.935675)	(86,	0.934837)	(71,	0.933862)	
(56,	1.0)	(92,	0.999735)	(58,	0.999717)	(82,	0.999646)	(94,	0.999629)	(74,	0.999618)	(98,	0.999617)	(79,	0.999596)	(87,	0.999588)	(77,	0.999581)	
(57,	1.0)	(77,	0.999692)	(98,	0.999513)	(52,	0.999492)	(82,	0.999465)	(89,	0.999454)	(74,	0.99944)	(78,	0.999436)	(58,	0.999375)	(62,	0.999358)	
(58,	1.0)	(70,	0.999822)	(93,	0.999819)	(74,	0.999802)	(91,	0.99978)	(67,	0.999732)	(82,	0.999728)	(56,	0.999717)	(53,	0.999711)	(77,	0.999706)	
(59,	1.0)	(73,	0.999716)	(103,	0.999594)	(93,	0.999474)	(58,	0.999469)	(67,	0.999427)	(70,	0.99942)	(91,	0.999386)	(64,	0.999327)	(86,	0.99929)	
(60,	1.0)	(90,	0.999824)	(89,	0.999778)	(92,	0.999761)	(53,	0.99974)	(95,	0.999701)	(79,	0.999692)	(94,	0.999676)	(88,	0.999599)	(82,	0.999567)	
(61,	1.0)	(92,	0.999536)	(97,	0.999535)	(56,	0.999523)	(89,	0.999409)	(74,	0.999409)	(60,	0.99939)	(58,	0.999387)	(82,	0.999368)	(70,	0.999367)	
(62,	1.0)	(87,	0.999744)	(77,	0.999698)	(70,	0.99967)	(82,	0.999631)	(74,	0.999623)	(72,	0.999604)	(93,	0.999602)	(66,	0.999601)	(58,	0.999555)	
(63,	1.0)	(81,	0.999672)	(64,	0.99953)	(96,	0.999464)	(93,	0.999453)	(66,	0.99937)	(74,	0.999316)	(103,	0.999298)	(80,	0.999288)	(75,	0.999287)	
(64,	1.0)	(93,	0.999697)	(81,	0.999546)	(63,	0.99953)	(103,	0.99952)	(80,	0.999488)	(66,	0.999447)	(75,	0.999429)	(86,	0.999427)	(87,	0.999424)	
(65,	1.0)	(77,	0.999475)	(75,	0.999436)	(81,	0.999401)	(96,	0.999347)	(52,	0.999297)	(57,	0.999209)	(74,	0.999146)	(63,	0.999129)	(62,	0.99912)	
(66,	1.0)	(58,	0.999702)	(74,	0.999685)	(93,	0.999657)	(97,	0.999631)	(87,	0.999613)	(77,	0.99961)	(62,	0.999601)	(78,	0.99959)	(70,	0.999584)	
(67,	1.0)	(58,	0.999732)	(97,	0.99973)	(78,	0.999716)	(70,	0.999615)	(74,	0.999615)	(93,	0.99957)	(66,	0.999549)	(87,	0.999533)	(95,	0.999526)	
(68,	1.0)	(69,	0.999637)	(100,	0.999581)	(102,	0.999536)	(99,	0.999522)	(84,	0.999315)	(60,	0.998567)	(90,	0.998256)	(92,	0.998209)	(53,	0.998192)	
(69,	1.0)	(99,	0.999711)	(68,	0.999637)	(84,	0.999567)	(100,	0.999434)	(102,	0.999099)	(60,	0.99825)	(53,	0.997824)	(90,	0.9978)	(79,	0.997788)	
(70,	1.0)	(82,	0.999863)	(72,	0.999841)	(58,	0.999822)	(77,	0.999768)	(74,	0.999685)	(89,	0.99967)	(62,	0.99967)	(95,	0.999638)	(98,	0.999621)	
(71,	1.0)	(97,	0.999633)	(78,	0.999576)	(74,	0.99953)	(77,	0.999485)	(66,	0.999482)	(96,	0.999479)	(67,	0.999435)	(58,	0.999381)	(61,	0.999366)	
(72,	1.0)	(70,	0.999841)	(77,	0.99971)	(82,	0.999686)	(74,	0.999659)	(89,	0.999653)	(95,	0.999644)	(62,	0.999604)	(88,	0.999581)	(58,	0.999579)	
(73,	1.0)	(59,	0.999716)	(103,	0.99944)	(91,	0.999423)	(95,	0.999388)	(54,	0.99938)	(93,	0.999329)	(70,	0.999215)	(58,	0.999197)	(90,	0.999193)	
(74,	1.0)	(77,	0.999812)	(58,	0.999802)	(87,	0.999749)	(78,	0.999725)	(97,	0.999714)	(93,	0.999707)	(66,	0.999685)	(70,	0.999685)	(82,	0.999664)	
(75,	1.0)	(81,	0.999623)	(77,	0.999611)	(58,	0.999563)	(66,	0.999507)	(74,	0.999506)	(82,	0.999485)	(70,	0.999471)	(52,	0.999467)	(96,	0.999462)	
(76,	1.0)	(80,	0.999638)	(103,	0.999621)	(93,	0.999588)	(86,	0.99937)	(58,	0.999289)	(91,	0.99928)	(64,	0.999275)	(87,	0.999262)	(53,	0.999199)	
(77,	1.0)	(74,	0.999812)	(82,	0.999792)	(70,	0.999768)	(98,	0.999762)	(72,	0.99971)	(58,	0.999706)	(62,	0.999698)	(57,	0.999692)	(89,	0.999687)	
(78,	1.0)	(97,	0.999829)	(74,	0.999725)	(67,	0.999716)	(77,	0.999669)	(87,	0.99961)	(66,	0.99959)	(71,	0.999576)	(93,	0.99957)	(58,	0.99957)	
(79,	1.0)	(92,	0.9997)	(60,	0.999692)	(89,	0.999658)	(82,	0.999646)	(98,	0.99963)	(94,	0.999624)	(90,	0.999621)	(74,	0.999604)	(56,	0.999596)	
(80,	1.0)	(76,	0.999638)	(93,	0.999562)	(64,	0.999488)	(103,	0.999483)	(63,	0.999288)	(66,	0.999268)	(87,	0.999248)	(97,	0.999225)	(58,	0.999209)	
(81,	1.0)	(96,	0.999684)	(63,	0.999672)	(74,	0.999654)	(75,	0.999623)	(77,	0.999584)	(93,	0.999546)	(64,	0.999546)	(58,	0.999496)	(62,	0.999474)	
(82,	1.0)	(70,	0.999863)	(77,	0.999792)	(89,	0.999771)	(88,	0.999766)	(98,	0.999758)	(58,	0.999728)	(72,	0.999686)	(95,	0.999681)	(74,	0.999664)	
(83,	1.0)	(79,	0.999595)	(52,	0.999569)	(58,	0.999551)	(56,	0.999545)	(82,	0.999502)	(74,	0.999487)	(88,	0.999448)	(77,	0.999422)	(94,	0.99942)	
(84,	1.0)	(99,	0.999684)	(69,	0.999567)	(100,	0.99939)	(68,	0.999315)	(102,	0.999283)	(60,	0.997751)	(90,	0.997417)	(53,	0.997205)	(79,	0.997121)	
(85,	1.0)	(55,	0.99371)	(75,	0.955592)	(64,	0.955289)	(63,	0.954963)	(81,	0.954723)	(65,	0.953635)	(86,	0.953348)	(96,	0.953117)	(80,	0.952348)	
(86,	1.0)	(93,	0.999563)	(103,	0.999524)	(64,	0.999427)	(58,	0.999409)	(76,	0.99937)	(59,	0.99929)	(91,	0.999287)	(75,	0.999248)	(81,	0.999238)	
(87,	1.0)	(93,	0.99976)	(74,	0.999749)	(92,	0.999745)	(62,	0.999744)	(58,	0.999688)	(95,	0.999686)	(77,	0.99966)	(82,	0.999656)	(66,	0.999613)	
(88,	1.0)	(82,	0.999766)	(89,	0.999731)	(95,	0.99965)	(90,	0.999627)	(70,	0.99962)	(94,	0.999603)	(60,	0.999599)	(72,	0.999581)	(77,	0.99957)	
(89,	1.0)	(60,	0.999778)	(82,	0.999771)	(88,	0.999731)	(95,	0.999689)	(77,	0.999687)	(70,	0.99967)	(90,	0.99967)	(79,	0.999658)	(72,	0.999653)	
(90,	1.0)	(53,	0.999854)	(60,	0.999824)	(95,	0.999804)	(91,	0.999754)	(92,	0.999683)	(89,	0.99967)	(54,	0.999648)	(88,	0.999627)	(79,	0.999621)	
(91,	1.0)	(58,	0.99978)	(90,	0.999754)	(53,	0.999739)	(93,	0.999684)	(95,	0.999666)	(103,	0.999649)	(70,	0.999608)	(74,	0.99959)	(94,	0.999589)	
(92,	1.0)	(60,	0.999761)	(87,	0.999745)	(56,	0.999735)	(79,	0.9997)	(90,	0.999683)	(53,	0.999645)	(95,	0.999638)	(89,	0.999633)	(74,	0.999622)	
(93,	1.0)	(103,	0.999854)	(58,	0.999819)	(87,	0.99976)	(74,	0.999707)	(64,	0.999697)	(91,	0.999684)	(66,	0.999657)	(53,	0.999632)	(90,	0.999602)	
(94,	1.0)	(60,	0.999676)	(56,	0.999629)	(79,	0.999624)	(92,	0.99961)	(88,	0.999603)	(58,	0.999591)	(91,	0.999589)	(90,	0.999545)	(82,	0.999532)	
(95,	1.0)	(90,	0.999804)	(60,	0.999701)	(89,	0.999689)	(87,	0.999686)	(54,	0.999683)	(82,	0.999681)	(91,	0.999666)	(88,	0.99965)	(72,	0.999644)	
(96,	1.0)	(81,	0.999684)	(74,	0.999631)	(77,	0.999582)	(78,	0.999539)	(97,	0.999497)	(56,	0.999494)	(71,	0.999479)	(63,	0.999464)	(75,	0.999462)	
(97,	1.0)	(78,	0.999829)	(67,	0.99973)	(74,	0.999714)	(58,	0.999661)	(71,	0.999633)	(66,	0.999631)	(77,	0.999592)	(70,	0.999539)	(61,	0.999535)	
(98,	1.0)	(77,	0.999762)	(82,	0.999758)	(89,	0.999634)	(79,	0.99963)	(70,	0.999621)	(56,	0.999617)	(74,	0.999592)	(72,	0.999554)	(58,	0.999533)	
(99,	1.0)	(69,	0.999711)	(84,	0.999684)	(100,	0.999618)	(68,	0.999522)	(102,	0.999281)	(60,	0.998579)	(90,	0.998077)	(94,	0.998049)	(79,	0.998007)	
(100,	1.0)	(99,	0.999618)	(68,	0.999581)	(69,	0.999434)	(84,	0.99939)	(102,	0.999266)	(60,	0.998849)	(90,	0.998384)	(92,	0.998201)	(79,	0.998179)	
(101,	1.0)	(70,	0.99935)	(58,	0.999291)	(74,	0.999281)	(97,	0.999279)	(75,	0.999228)	(77,	0.999228)	(72,	0.999196)	(82,	0.999162)	(61,	0.999162)	
(102,	1.0)	(68,	0.999536)	(84,	0.999283)	(99,	0.999281)	(100,	0.999266)	(69,	0.999099)	(60,	0.998149)	(90,	0.997895)	(53,	0.997885)	(92,	0.997703)	
(103,	1.0)	(93,	0.999854)	(58,	0.999654)	(91,	0.999649)	(76,	0.999621)	(59,	0.999594)	(53,	0.999545)	(86,	0.999524)	(64,	0.99952)	(66,	0.999515)	
(104,	1.0)	(48,	0.932723)	(55,	0.930152)	(105,	0.919096)	(85,	0.906521)	(47,	0.905373)	(45,	0.89734)	(51,	0.891048)	(50,	0.882641)	(46,	0.878313)	
(105,	1.0)	(48,	0.987721)	(46,	0.972137)	(45,	0.96828)	(41,	0.967947)	(50,	0.966466)	(47,	0.965482)	(51,	0.965276)	(43,	0.964937)	(42,	0.956892)	
(106,	1.0)	(105,	0.946484)	(46,	0.943795)	(50,	0.930824)	(41,	0.926554)	(48,	0.925253)	(44,	0.918089)	(51,	0.911838)	(40,	0.911081)	(45,	0.908669)	
(107,	1.0)	(108,	0.982784)	(110,	0.956067)	(109,	0.874989)	(348,	0.825234)	(344,	0.777245)	(111,	0.777085)	(361,	0.716794)	(353,	0.706038)	(354,	0.662249)	
(108,	1.0)	(107,	0.982784)	(110,	0.931727)	(109,	0.922246)	(348,	0.864171)	(344,	0.845061)	(111,	0.801366)	(353,	0.79024)	(361,	0.785546)	(349,	0.736192)	
(109,	1.0)	(108,	0.922246)	(361,	0.905379)	(111,	0.901809)	(355,	0.894326)	(110,	0.890257)	(354,	0.888728)	(107,	0.874989)	(344,	0.862042)	(353,	0.860608)	
(110,	1.0)	(107,	0.956067)	(108,	0.931727)	(109,	0.890257)	(111,	0.8574)	(348,	0.801468)	(354,	0.76984)	(361,	0.756024)	(344,	0.746051)	(355,	0.725379)	
(111,	1.0)	(354,	0.931371)	(109,	0.901809)	(323,	0.89351)	(361,	0.876128)	(355,	0.869567)	(315,	0.859428)	(110,	0.8574)	(2,	0.845619)	(25,	0.829848)	
(112,	1.0)	(113,	0.974881)	(114,	0.948752)	(115,	0.937782)	(3,	0.925595)	(29,	0.920206)	(18,	0.911077)	(1,	0.910282)	(20,	0.904466)	(32,	0.901061)	
(113,	1.0)	(112,	0.974881)	(114,	0.968765)	(18,	0.965282)	(20,	0.959321)	(3,	0.950457)	(1,	0.948733)	(115,	0.940102)	(2,	0.934337)	(17,	0.915749)	
(114,	1.0)	(115,	0.975904)	(113,	0.968765)	(20,	0.967265)	(1,	0.964895)	(18,	0.950914)	(112,	0.948752)	(2,	0.932281)	(21,	0.923147)	(14,	0.921489)	
(115,	1.0)	(114,	0.975904)	(20,	0.94964)	(113,	0.940102)	(19,	0.93986)	(112,	0.937782)	(18,	0.928065)	(32,	0.925559)	(1,	0.920987)	(26,	0.917676)	
(116,	1.0)	(117,	0.988863)	(175,	0.988448)	(178,	0.985695)	(194,	0.977945)	(127,	0.975346)	(118,	0.971279)	(135,	0.968845)	(119,	0.968826)	(133,	0.968252)	
(117,	1.0)	(194,	0.992105)	(116,	0.988863)	(175,	0.987918)	(178,	0.987856)	(173,	0.985131)	(119,	0.984917)	(208,	0.981684)	(177,	0.978642)	(133,	0.97647)	
(118,	1.0)	(119,	0.9891)	(133,	0.987879)	(123,	0.976314)	(117,	0.971353)	(116,	0.971279)	(135,	0.968295)	(178,	0.955301)	(194,	0.955261)	(175,	0.951847)	
(119,	1.0)	(118,	0.9891)	(117,	0.984917)	(133,	0.982542)	(194,	0.972862)	(169,	0.970145)	(116,	0.968826)	(178,	0.96821)	(173,	0.967313)	(123,	0.966658)	
(120,	1.0)	(123,	0.880186)	(118,	0.810964)	(133,	0.809414)	(224,	0.800562)	(119,	0.790858)	(128,	0.786619)	(169,	0.786102)	(222,	0.785674)	(223,	0.761535)	
(121,	1.0)	(122,	0.998999)	(201,	0.955497)	(160,	0.950802)	(169,	0.941486)	(197,	0.941432)	(163,	0.940949)	(119,	0.940364)	(219,	0.937873)	(171,	0.936395)	
(122,	1.0)	(121,	0.998999)	(201,	0.962053)	(160,	0.954667)	(197,	0.947847)	(219,	0.943486)	(163,	0.942496)	(169,	0.94149)	(203,	0.939165)	(171,	0.938466)	
(123,	1.0)	(133,	0.980225)	(118,	0.976314)	(119,	0.966658)	(135,	0.953962)	(169,	0.939294)	(117,	0.938454)	(129,	0.936077)	(134,	0.934634)	(136,	0.933513)	
(124,	1.0)	(142,	0.982081)	(141,	0.977892)	(126,	0.971097)	(125,	0.965413)	(127,	0.960667)	(190,	0.950885)	(134,	0.939555)	(248,	0.92199)	(116,	0.901865)	
(125,	1.0)	(126,	0.990322)	(127,	0.967217)	(124,	0.965413)	(190,	0.954943)	(134,	0.948599)	(141,	0.947079)	(142,	0.946361)	(248,	0.930809)	(135,	0.927922)	
(126,	1.0)	(125,	0.990322)	(127,	0.974976)	(124,	0.971097)	(190,	0.965564)	(248,	0.961451)	(141,	0.95865)	(142,	0.958002)	(134,	0.954758)	(135,	0.926414)	
(127,	1.0)	(190,	0.994027)	(116,	0.975346)	(126,	0.974976)	(125,	0.967217)	(134,	0.965736)	(175,	0.963452)	(141,	0.961475)	(248,	0.961195)	(178,	0.960763)	
(128,	1.0)	(123,	0.924253)	(136,	0.92167)	(129,	0.91689)	(133,	0.906457)	(135,	0.89941)	(134,	0.88711)	(118,	0.880751)	(190,	0.87199)	(119,	0.869386)	
(129,	1.0)	(117,	0.967079)	(143,	0.966628)	(133,	0.961398)	(116,	0.958314)	(194,	0.957618)	(119,	0.956431)	(144,	0.95498)	(178,	0.951927)	(175,	0.949787)	
(130,	1.0)	(269,	0.785835)	(167,	0.767835)	(0,	0.756999)	(299,	0.756412)	(185,	0.75636)	(131,	0.610505)	(132,	0.605868)	(235,	0.598134)	(271,	0.569367)	
(131,	1.0)	(132,	0.994181)	(209,	0.85176)	(128,	0.828402)	(206,	0.803506)	(207,	0.799866)	(129,	0.772123)	(208,	0.754192)	(171,	0.735702)	(119,	0.733379)	
(132,	1.0)	(131,	0.994181)	(209,	0.862252)	(206,	0.813023)	(207,	0.812642)	(128,	0.809437)	(129,	0.757338)	(208,	0.735146)	(171,	0.732037)	(217,	0.723006)	
(133,	1.0)	(118,	0.987879)	(135,	0.984886)	(119,	0.982542)	(123,	0.980225)	(117,	0.97647)	(116,	0.968252)	(194,	0.967938)	(178,	0.962368)	(129,	0.961398)	
(134,	1.0)	(190,	0.97528)	(127,	0.965736)	(135,	0.95917)	(126,	0.954758)	(142,	0.950949)	(141,	0.95053)	(125,	0.948599)	(133,	0.942082)	(124,	0.939555)	
(135,	1.0)	(133,	0.984886)	(136,	0.977318)	(116,	0.968845)	(118,	0.968295)	(127,	0.960237)	(134,	0.95917)	(117,	0.959136)	(194,	0.957199)	(190,	0.956679)	
(136,	1.0)	(135,	0.977318)	(133,	0.960068)	(187,	0.946548)	(189,	0.944704)	(194,	0.939148)	(183,	0.937969)	(123,	0.933513)	(129,	0.931916)	(186,	0.929858)	
(137,	1.0)	(138,	0.99741)	(140,	0.992295)	(139,	0.983284)	(239,	0.923176)	(251,	0.866749)	(187,	0.830495)	(176,	0.829353)	(144,	0.822942)	(177,	0.822855)	
(138,	1.0)	(137,	0.99741)	(140,	0.995027)	(139,	0.988454)	(239,	0.93904)	(251,	0.895616)	(176,	0.855039)	(187,	0.851531)	(177,	0.845789)	(144,	0.844964)	
(139,	1.0)	(138,	0.988454)	(140,	0.984357)	(137,	0.983284)	(239,	0.951963)	(176,	0.908253)	(177,	0.907707)	(251,	0.904622)	(187,	0.903585)	(144,	0.898203)	
(140,	1.0)	(138,	0.995027)	(137,	0.992295)	(139,	0.984357)	(239,	0.955068)	(251,	0.894618)	(187,	0.8665)	(238,	0.855156)	(144,	0.85491)	(176,	0.851363)	
(141,	1.0)	(142,	0.998145)	(124,	0.977892)	(127,	0.961475)	(126,	0.95865)	(190,	0.957079)	(134,	0.95053)	(125,	0.947079)	(248,	0.923999)	(30,	0.92383)	
(142,	1.0)	(141,	0.998145)	(124,	0.982081)	(126,	0.958002)	(127,	0.955015)	(190,	0.953307)	(134,	0.950949)	(125,	0.946361)	(30,	0.920009)	(248,	0.916897)	
(143,	1.0)	(144,	0.994567)	(117,	0.975924)	(129,	0.966628)	(116,	0.964923)	(194,	0.958404)	(208,	0.95523)	(175,	0.954617)	(178,	0.954555)	(177,	0.953288)	
(144,	1.0)	(143,	0.994567)	(117,	0.955478)	(129,	0.95498)	(176,	0.943745)	(208,	0.943317)	(116,	0.938708)	(177,	0.93849)	(194,	0.937969)	(187,	0.934653)	
(145,	1.0)	(146,	0.986683)	(214,	0.887881)	(147,	0.873957)	(196,	0.853823)	(213,	0.851744)	(153,	0.84967)	(150,	0.837865)	(210,	0.827581)	(225,	0.826953)	
(146,	1.0)	(145,	0.986683)	(147,	0.925433)	(153,	0.913415)	(196,	0.906708)	(150,	0.893785)	(214,	0.892054)	(204,	0.880933)	(225,	0.869064)	(233,	0.867957)	
(147,	1.0)	(153,	0.975107)	(150,	0.970981)	(233,	0.952538)	(146,	0.925433)	(232,	0.919915)	(154,	0.914211)	(168,	0.913793)	(225,	0.912861)	(204,	0.901687)	
(148,	1.0)	(220,	0.995616)	(215,	0.993141)	(171,	0.991051)	(218,	0.99037)	(216,	0.98951)	(152,	0.989133)	(217,	0.98751)	(166,	0.986268)	(174,	0.984907)	
(149,	1.0)	(233,	0.881682)	(147,	0.879564)	(159,	0.874352)	(191,	0.843895)	(297,	0.814748)	(153,	0.805043)	(225,	0.802187)	(150,	0.785507)	(357,	0.770009)	
(150,	1.0)	(153,	0.975618)	(168,	0.972545)	(147,	0.970981)	(154,	0.957833)	(232,	0.918995)	(204,	0.914384)	(233,	0.909135)	(146,	0.893785)	(250,	0.887476)	
(151,	1.0)	(200,	0.981883)	(202,	0.939395)	(199,	0.934532)	(203,	0.9342)	(249,	0.923692)	(218,	0.90119)	(253,	0.900165)	(220,	0.897689)	(180,	0.89468)	
(152,	1.0)	(160,	0.991545)	(148,	0.989133)	(218,	0.987932)	(197,	0.98763)	(219,	0.987247)	(220,	0.983226)	(181,	0.982814)	(215,	0.98184)	(198,	0.981101)	
(153,	1.0)	(150,	0.975618)	(147,	0.975107)	(204,	0.941682)	(232,	0.941038)	(154,	0.936793)	(233,	0.928769)	(168,	0.923546)	(146,	0.913415)	(196,	0.903093)	
(154,	1.0)	(168,	0.96801)	(150,	0.957833)	(153,	0.936793)	(204,	0.928615)	(232,	0.925834)	(147,	0.914211)	(250,	0.911368)	(233,	0.905846)	(325,	0.888426)	
(155,	1.0)	(179,	0.9948)	(173,	0.994545)	(170,	0.99128)	(221,	0.990432)	(166,	0.989339)	(171,	0.989026)	(174,	0.98776)	(220,	0.985375)	(177,	0.983855)	
(156,	1.0)	(299,	0.746935)	(167,	0.745097)	(185,	0.737072)	(0,	0.721604)	(269,	0.708067)	(159,	0.689782)	(240,	0.625829)	(158,	0.616444)	(235,	0.588337)	
(157,	1.0)	(161,	0.998451)	(163,	0.988907)	(164,	0.986638)	(162,	0.976124)	(158,	0.949409)	(219,	0.937877)	(160,	0.924557)	(201,	0.916378)	(203,	0.907777)	
(158,	1.0)	(162,	0.963439)	(157,	0.949409)	(161,	0.941996)	(163,	0.909439)	(164,	0.895049)	(219,	0.793816)	(121,	0.788249)	(122,	0.785734)	(200,	0.782463)	
(159,	1.0)	(149,	0.874352)	(297,	0.853932)	(234,	0.828039)	(191,	0.794472)	(158,	0.776276)	(162,	0.756468)	(288,	0.727476)	(156,	0.689782)	(233,	0.669812)	
(160,	1.0)	(219,	0.994281)	(197,	0.992097)	(152,	0.991545)	(201,	0.984691)	(203,	0.981669)	(148,	0.981429)	(218,	0.979803)	(181,	0.97748)	(220,	0.977231)	
(161,	1.0)	(157,	0.998451)	(164,	0.990192)	(163,	0.987744)	(162,	0.979975)	(219,	0.943214)	(158,	0.941996)	(160,	0.930854)	(201,	0.922196)	(203,	0.914179)	
(162,	1.0)	(161,	0.979975)	(157,	0.976124)	(158,	0.963439)	(164,	0.952514)	(163,	0.951197)	(219,	0.877359)	(201,	0.86217)	(160,	0.858193)	(200,	0.857073)	
(163,	1.0)	(164,	0.993514)	(157,	0.988907)	(161,	0.987744)	(219,	0.962513)	(201,	0.956468)	(160,	0.954404)	(162,	0.951197)	(122,	0.942496)	(121,	0.940949)	
(164,	1.0)	(163,	0.993514)	(161,	0.990192)	(157,	0.986638)	(219,	0.977425)	(160,	0.968767)	(201,	0.961674)	(162,	0.952514)	(152,	0.949805)	(203,	0.948938)	
(165,	1.0)	(198,	0.972907)	(182,	0.971222)	(188,	0.970422)	(181,	0.969621)	(172,	0.968877)	(218,	0.968057)	(152,	0.968)	(199,	0.961725)	(197,	0.960368)	
(166,	1.0)	(221,	0.99624)	(170,	0.995672)	(174,	0.995466)	(177,	0.991464)	(173,	0.991037)	(171,	0.990655)	(155,	0.989339)	(176,	0.98881)	(148,	0.986268)	
(167,	1.0)	(299,	0.996061)	(185,	0.995825)	(269,	0.988555)	(0,	0.938705)	(235,	0.894239)	(240,	0.893111)	(130,	0.767835)	(156,	0.745097)	(226,	0.698168)	
(168,	1.0)	(150,	0.972545)	(154,	0.96801)	(153,	0.923546)	(147,	0.913793)	(229,	0.873501)	(325,	0.87003)	(204,	0.8645)	(232,	0.862516)	(250,	0.855651)	
(169,	1.0)	(171,	0.991187)	(155,	0.979204)	(148,	0.977188)	(166,	0.974329)	(173,	0.972582)	(217,	0.972186)	(119,	0.970145)	(170,	0.968264)	(160,	0.967871)	
(170,	1.0)	(166,	0.995672)	(173,	0.995584)	(221,	0.995096)	(177,	0.994613)	(174,	0.992493)	(155,	0.99128)	(176,	0.987724)	(179,	0.987417)	(171,	0.985892)	
(171,	1.0)	(169,	0.991187)	(148,	0.991051)	(166,	0.990655)	(220,	0.989739)	(155,	0.989026)	(176,	0.987963)	(221,	0.987905)	(217,	0.987346)	(174,	0.986351)	
(172,	1.0)	(217,	0.992483)	(197,	0.988212)	(198,	0.987744)	(218,	0.98714)	(215,	0.986555)	(195,	0.984673)	(220,	0.983836)	(148,	0.982288)	(182,	0.982242)	
(173,	1.0)	(170,	0.995584)	(155,	0.994545)	(179,	0.993493)	(166,	0.991037)	(177,	0.990422)	(221,	0.989943)	(178,	0.987923)	(174,	0.987188)	(175,	0.985911)	
(174,	1.0)	(221,	0.995989)	(166,	0.995466)	(177,	0.994081)	(176,	0.993231)	(170,	0.992493)	(216,	0.989914)	(220,	0.989905)	(215,	0.989119)	(155,	0.98776)	
(175,	1.0)	(178,	0.997975)	(116,	0.988448)	(117,	0.987918)	(173,	0.985911)	(194,	0.984706)	(179,	0.983626)	(177,	0.97997)	(170,	0.976426)	(189,	0.975669)	
(176,	1.0)	(177,	0.994049)	(174,	0.993231)	(221,	0.992994)	(220,	0.989268)	(166,	0.98881)	(171,	0.987963)	(170,	0.987724)	(216,	0.98711)	(208,	0.986186)	
(177,	1.0)	(221,	0.994814)	(170,	0.994613)	(174,	0.994081)	(176,	0.994049)	(166,	0.991464)	(173,	0.990422)	(208,	0.985754)	(155,	0.983855)	(216,	0.981349)	
(178,	1.0)	(175,	0.997975)	(173,	0.987923)	(117,	0.987856)	(179,	0.986098)	(116,	0.985695)	(194,	0.984368)	(177,	0.981195)	(170,	0.978924)	(155,	0.977014)	
(179,	1.0)	(155,	0.9948)	(173,	0.993493)	(170,	0.987417)	(178,	0.986098)	(189,	0.984004)	(175,	0.983626)	(221,	0.983556)	(177,	0.980973)	(166,	0.978728)	
(180,	1.0)	(176,	0.973726)	(177,	0.969517)	(221,	0.9687)	(170,	0.966345)	(174,	0.96487)	(166,	0.959241)	(171,	0.956327)	(220,	0.956154)	(155,	0.949775)	
(181,	1.0)	(186,	0.99467)	(198,	0.994387)	(188,	0.992139)	(195,	0.989713)	(183,	0.989163)	(182,	0.988566)	(193,	0.987827)	(205,	0.986486)	(197,	0.985073)	
(182,	1.0)	(198,	0.995157)	(188,	0.991913)	(205,	0.991101)	(183,	0.989972)	(181,	0.988566)	(195,	0.98572)	(186,	0.984545)	(184,	0.984005)	(172,	0.982242)	
(183,	1.0)	(188,	0.991008)	(186,	0.990973)	(195,	0.990199)	(182,	0.989972)	(193,	0.989766)	(181,	0.989163)	(198,	0.98751)	(237,	0.984817)	(172,	0.98077)	
(184,	1.0)	(198,	0.985001)	(182,	0.984005)	(189,	0.981535)	(195,	0.979436)	(181,	0.978942)	(186,	0.978749)	(183,	0.97827)	(202,	0.9763)	(205,	0.975482)	
(185,	1.0)	(299,	0.997173)	(167,	0.995825)	(269,	0.984087)	(0,	0.938222)	(235,	0.882104)	(240,	0.881843)	(130,	0.75636)	(156,	0.737072)	(226,	0.711099)	
(186,	1.0)	(181,	0.99467)	(188,	0.992934)	(193,	0.992412)	(183,	0.990973)	(195,	0.987056)	(198,	0.986775)	(205,	0.985913)	(182,	0.984545)	(184,	0.978749)	
(187,	1.0)	(194,	0.986514)	(183,	0.976097)	(193,	0.974829)	(189,	0.972059)	(195,	0.971323)	(186,	0.969533)	(208,	0.969454)	(177,	0.968064)	(247,	0.967618)	
(188,	1.0)	(186,	0.992934)	(181,	0.992139)	(182,	0.991913)	(183,	0.991008)	(205,	0.990457)	(193,	0.989256)	(198,	0.98865)	(195,	0.984889)	(237,	0.977469)	
(189,	1.0)	(179,	0.984004)	(184,	0.981535)	(155,	0.978669)	(178,	0.976734)	(173,	0.976066)	(175,	0.975669)	(194,	0.975191)	(186,	0.974516)	(195,	0.974436)	
(190,	1.0)	(127,	0.994027)	(134,	0.97528)	(126,	0.965564)	(116,	0.964536)	(175,	0.957099)	(141,	0.957079)	(135,	0.956679)	(178,	0.956571)	(189,	0.956461)	
(191,	1.0)	(234,	0.931889)	(288,	0.893461)	(233,	0.86752)	(149,	0.843895)	(147,	0.824877)	(225,	0.816453)	(154,	0.803586)	(262,	0.797159)	(159,	0.794472)	
(192,	1.0)	(201,	0.972797)	(197,	0.959388)	(160,	0.949288)	(199,	0.944303)	(251,	0.942148)	(152,	0.939302)	(219,	0.93632)	(202,	0.933044)	(172,	0.932381)	
(193,	1.0)	(195,	0.99485)	(186,	0.992412)	(183,	0.989766)	(188,	0.989256)	(181,	0.987827)	(198,	0.982834)	(215,	0.982088)	(182,	0.981448)	(216,	0.979849)	
(194,	1.0)	(117,	0.992105)	(187,	0.986514)	(175,	0.984706)	(178,	0.984368)	(173,	0.98183)	(177,	0.980903)	(208,	0.978559)	(116,	0.977945)	(189,	0.975191)	
(195,	1.0)	(193,	0.99485)	(215,	0.993689)	(216,	0.99171)	(198,	0.991193)	(183,	0.990199)	(181,	0.989713)	(217,	0.989068)	(220,	0.987218)	(186,	0.987056)	
(196,	1.0)	(204,	0.966232)	(303,	0.961639)	(305,	0.949657)	(250,	0.941515)	(232,	0.926549)	(233,	0.921945)	(225,	0.916721)	(328,	0.912194)	(146,	0.906708)	
(197,	1.0)	(160,	0.992097)	(172,	0.988212)	(152,	0.98763)	(219,	0.986655)	(181,	0.985073)	(218,	0.984073)	(198,	0.982267)	(201,	0.981882)	(195,	0.981334)	
(198,	1.0)	(182,	0.995157)	(181,	0.994387)	(195,	0.991193)	(215,	0.989855)	(188,	0.98865)	(218,	0.988457)	(205,	0.988188)	(172,	0.987744)	(183,	0.98751)	
(199,	1.0)	(202,	0.982607)	(203,	0.979751)	(197,	0.97405)	(160,	0.970617)	(172,	0.970202)	(253,	0.970177)	(218,	0.967214)	(152,	0.966396)	(219,	0.966292)	
(200,	1.0)	(151,	0.981883)	(203,	0.962778)	(199,	0.956656)	(202,	0.954901)	(249,	0.948278)	(219,	0.937285)	(160,	0.93233)	(218,	0.928268)	(220,	0.923596)	
(201,	1.0)	(160,	0.984691)	(197,	0.981882)	(219,	0.979338)	(192,	0.972797)	(152,	0.971846)	(199,	0.96312)	(122,	0.962053)	(164,	0.961674)	(203,	0.960268)	
(202,	1.0)	(198,	0.985816)	(199,	0.982607)	(218,	0.981417)	(172,	0.97857)	(220,	0.978447)	(203,	0.978334)	(182,	0.977816)	(181,	0.977328)	(184,	0.9763)	
(203,	1.0)	(160,	0.981669)	(199,	0.979751)	(202,	0.978334)	(219,	0.977336)	(197,	0.975607)	(171,	0.973708)	(172,	0.972558)	(152,	0.971253)	(220,	0.970827)	
(204,	1.0)	(232,	0.968423)	(196,	0.966232)	(305,	0.965493)	(303,	0.965417)	(250,	0.960016)	(328,	0.944232)	(153,	0.941682)	(154,	0.928615)	(233,	0.921944)	
(205,	1.0)	(182,	0.991101)	(188,	0.990457)	(198,	0.988188)	(181,	0.986486)	(186,	0.985913)	(183,	0.979597)	(193,	0.97565)	(184,	0.975482)	(195,	0.974164)	
(206,	1.0)	(207,	0.992477)	(209,	0.974809)	(179,	0.937701)	(173,	0.919874)	(155,	0.918508)	(170,	0.908197)	(178,	0.904535)	(189,	0.900931)	(208,	0.899756)	
(207,	1.0)	(206,	0.992477)	(209,	0.984522)	(179,	0.92168)	(155,	0.909737)	(173,	0.903429)	(184,	0.892696)	(170,	0.892598)	(171,	0.891116)	(169,	0.888766)	
(208,	1.0)	(176,	0.986186)	(177,	0.985754)	(174,	0.984057)	(216,	0.983192)	(117,	0.981684)	(173,	0.981164)	(166,	0.980673)	(221,	0.980502)	(170,	0.978894)	
(209,	1.0)	(207,	0.984522)	(206,	0.974809)	(179,	0.905237)	(155,	0.895408)	(171,	0.89387)	(208,	0.890543)	(148,	0.889085)	(217,	0.887624)	(173,	0.887498)	
(210,	1.0)	(211,	0.989634)	(213,	0.988905)	(212,	0.976432)	(214,	0.894972)	(145,	0.827581)	(146,	0.805286)	(147,	0.684569)	(153,	0.666613)	(233,	0.600981)	
(211,	1.0)	(210,	0.989634)	(213,	0.987833)	(212,	0.961185)	(214,	0.861186)	(145,	0.792406)	(146,	0.765104)	(147,	0.627967)	(153,	0.623587)	(150,	0.550742)	
(212,	1.0)	(210,	0.976432)	(213,	0.96319)	(211,	0.961185)	(214,	0.826085)	(145,	0.816439)	(146,	0.800182)	(147,	0.732229)	(153,	0.692583)	(149,	0.676714)	
(213,	1.0)	(210,	0.988905)	(211,	0.987833)	(212,	0.96319)	(214,	0.895094)	(145,	0.851744)	(146,	0.822274)	(147,	0.671117)	(153,	0.659051)	(150,	0.588709)	
(214,	1.0)	(213,	0.895094)	(210,	0.894972)	(146,	0.892054)	(145,	0.887881)	(211,	0.861186)	(212,	0.826085)	(196,	0.812769)	(153,	0.783752)	(204,	0.766763)	
(215,	1.0)	(216,	0.998325)	(220,	0.997477)	(195,	0.993689)	(148,	0.993141)	(218,	0.993007)	(217,	0.991927)	(198,	0.989855)	(174,	0.989119)	(221,	0.988778)	
(216,	1.0)	(215,	0.998325)	(220,	0.994956)	(195,	0.99171)	(174,	0.989914)	(148,	0.98951)	(217,	0.988597)	(218,	0.988541)	(221,	0.987719)	(176,	0.98711)	
(217,	1.0)	(172,	0.992483)	(215,	0.991927)	(195,	0.989068)	(221,	0.988854)	(216,	0.988597)	(220,	0.988139)	(148,	0.98751)	(171,	0.987346)	(198,	0.985831)	
(218,	1.0)	(215,	0.993007)	(220,	0.992884)	(148,	0.99037)	(216,	0.988541)	(198,	0.988457)	(152,	0.987932)	(172,	0.98714)	(219,	0.985173)	(217,	0.984872)	
(219,	1.0)	(160,	0.994281)	(152,	0.987247)	(197,	0.986655)	(218,	0.985173)	(201,	0.979338)	(148,	0.977588)	(164,	0.977425)	(203,	0.977336)	(220,	0.975731)	
(220,	1.0)	(215,	0.997477)	(148,	0.995616)	(216,	0.994956)	(218,	0.992884)	(174,	0.989905)	(171,	0.989739)	(176,	0.989268)	(217,	0.988139)	(221,	0.988018)	
(221,	1.0)	(166,	0.99624)	(174,	0.995989)	(170,	0.995096)	(177,	0.994814)	(176,	0.992994)	(155,	0.990432)	(173,	0.989943)	(217,	0.988854)	(215,	0.988778)	
(222,	1.0)	(224,	0.996534)	(223,	0.98809)	(225,	0.825469)	(120,	0.785674)	(250,	0.695474)	(168,	0.680362)	(150,	0.666274)	(154,	0.650297)	(147,	0.64629)	
(223,	1.0)	(224,	0.992834)	(222,	0.98809)	(120,	0.761535)	(225,	0.7428)	(250,	0.613374)	(168,	0.590663)	(150,	0.562904)	(154,	0.555372)	(147,	0.530736)	
(224,	1.0)	(222,	0.996534)	(223,	0.992834)	(120,	0.800562)	(225,	0.797511)	(250,	0.666931)	(168,	0.657383)	(150,	0.631084)	(154,	0.623387)	(147,	0.604006)	
(225,	1.0)	(250,	0.933057)	(233,	0.928531)	(196,	0.916721)	(147,	0.912861)	(232,	0.90022)	(204,	0.897113)	(150,	0.886066)	(154,	0.885515)	(153,	0.870232)	
(226,	1.0)	(230,	0.868236)	(231,	0.847434)	(227,	0.830702)	(235,	0.805724)	(240,	0.778563)	(259,	0.770145)	(260,	0.750933)	(185,	0.711099)	(167,	0.698168)	
(227,	1.0)	(231,	0.981073)	(230,	0.979021)	(259,	0.919988)	(228,	0.914722)	(260,	0.87471)	(229,	0.854991)	(226,	0.830702)	(232,	0.778429)	(233,	0.751009)	
(228,	1.0)	(259,	0.93716)	(231,	0.925894)	(227,	0.914722)	(230,	0.87699)	(260,	0.870887)	(229,	0.83165)	(254,	0.797894)	(256,	0.765729)	(317,	0.699103)	
(229,	1.0)	(150,	0.875526)	(168,	0.873501)	(154,	0.864709)	(227,	0.854991)	(228,	0.83165)	(153,	0.828072)	(147,	0.814537)	(231,	0.813182)	(232,	0.7972)	
(230,	1.0)	(231,	0.985801)	(227,	0.979021)	(259,	0.939972)	(260,	0.907)	(228,	0.87699)	(226,	0.868236)	(229,	0.773124)	(232,	0.721834)	(317,	0.697413)	
(231,	1.0)	(230,	0.985801)	(227,	0.981073)	(259,	0.960745)	(260,	0.931185)	(228,	0.925894)	(226,	0.847434)	(229,	0.813182)	(317,	0.753045)	(254,	0.723512)	
(232,	1.0)	(204,	0.968423)	(233,	0.952693)	(153,	0.941038)	(196,	0.926549)	(154,	0.925834)	(250,	0.92455)	(147,	0.919915)	(150,	0.918995)	(303,	0.912241)	
(233,	1.0)	(232,	0.952693)	(147,	0.952538)	(153,	0.928769)	(225,	0.928531)	(196,	0.921945)	(204,	0.921944)	(250,	0.90998)	(150,	0.909135)	(154,	0.905846)	
(234,	1.0)	(191,	0.931889)	(288,	0.924994)	(159,	0.828039)	(287,	0.822301)	(290,	0.811104)	(289,	0.809298)	(272,	0.769049)	(258,	0.740331)	(265,	0.739384)	
(235,	1.0)	(240,	0.964944)	(167,	0.894239)	(269,	0.886458)	(185,	0.882104)	(299,	0.879644)	(236,	0.871931)	(0,	0.840754)	(226,	0.805724)	(303,	0.675936)	
(236,	1.0)	(235,	0.871931)	(238,	0.841536)	(240,	0.807802)	(237,	0.7942)	(196,	0.76366)	(303,	0.746184)	(188,	0.728215)	(165,	0.726779)	(241,	0.708217)	
(237,	1.0)	(183,	0.984817)	(188,	0.977469)	(182,	0.977355)	(186,	0.967874)	(238,	0.964685)	(205,	0.963264)	(181,	0.962919)	(198,	0.962374)	(239,	0.961946)	
(238,	1.0)	(237,	0.964685)	(239,	0.954822)	(187,	0.933117)	(183,	0.926493)	(136,	0.91484)	(188,	0.90908)	(186,	0.906173)	(182,	0.899071)	(193,	0.895389)	
(239,	1.0)	(237,	0.961946)	(187,	0.958316)	(140,	0.955068)	(238,	0.954822)	(139,	0.951963)	(251,	0.950404)	(183,	0.947542)	(138,	0.93904)	(216,	0.927407)	
(240,	1.0)	(235,	0.964944)	(167,	0.893111)	(299,	0.889611)	(185,	0.881843)	(269,	0.87041)	(236,	0.807802)	(0,	0.805802)	(226,	0.778563)	(241,	0.755633)	
(241,	1.0)	(196,	0.792627)	(300,	0.788278)	(273,	0.763156)	(240,	0.755633)	(225,	0.750242)	(233,	0.749836)	(303,	0.747694)	(250,	0.743079)	(305,	0.730259)	
(242,	1.0)	(243,	0.992137)	(244,	0.939096)	(245,	0.883988)	(246,	0.858556)	(278,	0.820297)	(201,	0.635912)	(197,	0.627225)	(199,	0.623091)	(251,	0.620387)	
(243,	1.0)	(242,	0.992137)	(244,	0.905661)	(245,	0.858765)	(278,	0.846385)	(246,	0.817809)	(201,	0.596953)	(197,	0.588865)	(298,	0.585447)	(251,	0.579463)	
(244,	1.0)	(242,	0.939096)	(243,	0.905661)	(199,	0.833321)	(201,	0.830194)	(192,	0.823233)	(253,	0.822883)	(246,	0.821664)	(197,	0.819663)	(245,	0.819023)	
(245,	1.0)	(246,	0.986475)	(278,	0.887665)	(242,	0.883988)	(243,	0.858765)	(244,	0.819023)	(250,	0.691745)	(191,	0.640872)	(298,	0.633998)	(233,	0.62997)	
(246,	1.0)	(245,	0.986475)	(242,	0.858556)	(244,	0.821664)	(278,	0.819775)	(243,	0.817809)	(250,	0.767651)	(196,	0.703113)	(233,	0.696342)	(204,	0.689501)	
(247,	1.0)	(249,	0.986815)	(177,	0.977126)	(189,	0.973134)	(179,	0.972967)	(174,	0.972116)	(221,	0.972082)	(175,	0.971551)	(176,	0.971519)	(208,	0.971075)	
(248,	1.0)	(249,	0.965129)	(126,	0.961451)	(127,	0.961195)	(247,	0.95989)	(175,	0.953089)	(189,	0.951234)	(190,	0.948817)	(178,	0.94868)	(116,	0.941131)	
(249,	1.0)	(247,	0.986815)	(184,	0.968547)	(189,	0.966382)	(202,	0.9655)	(248,	0.965129)	(179,	0.959328)	(198,	0.955591)	(181,	0.95347)	(220,	0.952154)	
(250,	1.0)	(204,	0.960016)	(196,	0.941515)	(225,	0.933057)	(232,	0.92455)	(305,	0.923424)	(303,	0.922283)	(154,	0.911368)	(233,	0.90998)	(328,	0.890404)	
(251,	1.0)	(197,	0.965607)	(172,	0.958607)	(218,	0.956158)	(237,	0.95552)	(201,	0.95363)	(219,	0.951954)	(202,	0.95158)	(239,	0.950404)	(183,	0.950272)	
(252,	1.0)	(25,	0.907011)	(294,	0.890175)	(291,	0.881132)	(272,	0.85522)	(24,	0.849809)	(262,	0.848979)	(281,	0.836641)	(295,	0.824994)	(300,	0.819513)	
(253,	1.0)	(199,	0.970177)	(202,	0.965337)	(184,	0.95992)	(198,	0.95704)	(182,	0.95403)	(181,	0.950981)	(165,	0.948301)	(197,	0.945635)	(172,	0.94404)	
(254,	1.0)	(256,	0.991336)	(257,	0.952252)	(258,	0.915932)	(255,	0.904528)	(266,	0.870271)	(259,	0.856381)	(268,	0.839632)	(260,	0.836442)	(272,	0.818345)	
(255,	1.0)	(272,	0.976405)	(258,	0.968772)	(266,	0.950083)	(268,	0.936205)	(257,	0.93364)	(256,	0.912837)	(254,	0.904528)	(262,	0.859139)	(252,	0.7901)	
(256,	1.0)	(254,	0.991336)	(257,	0.953876)	(258,	0.919318)	(255,	0.912837)	(266,	0.885124)	(268,	0.866836)	(272,	0.832035)	(260,	0.828021)	(259,	0.824382)	
(257,	1.0)	(258,	0.968387)	(256,	0.953876)	(254,	0.952252)	(255,	0.93364)	(268,	0.925581)	(266,	0.908577)	(272,	0.868688)	(259,	0.70178)	(260,	0.687047)	
(258,	1.0)	(255,	0.968772)	(257,	0.968387)	(268,	0.945262)	(272,	0.943056)	(266,	0.931689)	(256,	0.919318)	(254,	0.915932)	(262,	0.788017)	(252,	0.750216)	
(259,	1.0)	(260,	0.964854)	(231,	0.960745)	(230,	0.939972)	(228,	0.93716)	(227,	0.919988)	(254,	0.856381)	(256,	0.824382)	(226,	0.770145)	(229,	0.750138)	
(260,	1.0)	(259,	0.964854)	(231,	0.931185)	(230,	0.907)	(227,	0.87471)	(228,	0.870887)	(254,	0.836442)	(256,	0.828021)	(317,	0.808519)	(226,	0.750933)	
(261,	1.0)	(263,	0.957091)	(290,	0.921112)	(265,	0.920654)	(270,	0.912434)	(264,	0.903512)	(287,	0.865883)	(289,	0.859882)	(288,	0.852229)	(272,	0.793534)	
(262,	1.0)	(26,	0.912592)	(272,	0.906144)	(25,	0.893134)	(19,	0.892508)	(325,	0.890719)	(323,	0.887937)	(24,	0.884389)	(324,	0.874301)	(154,	0.86311)	
(263,	1.0)	(265,	0.970798)	(264,	0.969377)	(261,	0.957091)	(270,	0.90808)	(287,	0.905193)	(290,	0.902585)	(289,	0.882837)	(288,	0.860901)	(234,	0.700253)	
(264,	1.0)	(265,	0.983774)	(263,	0.969377)	(287,	0.937451)	(289,	0.913411)	(261,	0.903512)	(290,	0.897675)	(288,	0.839242)	(270,	0.833022)	(234,	0.638264)	
(265,	1.0)	(264,	0.983774)	(263,	0.970798)	(287,	0.970268)	(289,	0.952304)	(290,	0.937536)	(261,	0.920654)	(288,	0.902417)	(270,	0.839466)	(234,	0.739384)	
(266,	1.0)	(255,	0.950083)	(268,	0.945829)	(272,	0.932925)	(258,	0.931689)	(257,	0.908577)	(256,	0.885124)	(254,	0.870271)	(262,	0.810026)	(261,	0.762466)	
(267,	1.0)	(358,	0.874646)	(359,	0.860925)	(357,	0.839384)	(356,	0.838157)	(360,	0.805977)	(332,	0.799224)	(355,	0.795442)	(272,	0.789244)	(352,	0.785832)	
(268,	1.0)	(266,	0.945829)	(258,	0.945262)	(255,	0.936205)	(272,	0.929277)	(257,	0.925581)	(256,	0.866836)	(254,	0.839632)	(252,	0.773655)	(261,	0.770799)	
(269,	1.0)	(167,	0.988555)	(185,	0.984087)	(299,	0.982106)	(0,	0.931713)	(235,	0.886458)	(240,	0.87041)	(130,	0.785835)	(156,	0.708067)	(226,	0.675696)	
(270,	1.0)	(261,	0.912434)	(263,	0.90808)	(265,	0.839466)	(264,	0.833022)	(288,	0.778188)	(290,	0.775513)	(287,	0.77129)	(289,	0.717995)	(268,	0.71691)	
(271,	1.0)	(262,	0.815912)	(272,	0.787468)	(233,	0.743582)	(325,	0.73735)	(26,	0.732456)	(154,	0.727371)	(250,	0.723433)	(331,	0.722176)	(258,	0.718317)	
(272,	1.0)	(255,	0.976405)	(258,	0.943056)	(266,	0.932925)	(268,	0.929277)	(262,	0.906144)	(257,	0.868688)	(252,	0.85522)	(256,	0.832035)	(254,	0.818345)	
(273,	1.0)	(283,	0.965828)	(293,	0.963949)	(275,	0.9604)	(286,	0.959058)	(284,	0.958442)	(285,	0.956788)	(282,	0.955641)	(279,	0.951844)	(280,	0.946535)	
(274,	1.0)	(275,	0.930195)	(293,	0.91824)	(286,	0.916218)	(292,	0.914789)	(283,	0.911537)	(282,	0.903067)	(279,	0.884182)	(284,	0.883116)	(280,	0.87045)	
(275,	1.0)	(286,	0.995523)	(283,	0.994095)	(282,	0.991368)	(284,	0.988032)	(279,	0.986344)	(285,	0.984312)	(280,	0.982188)	(293,	0.974913)	(281,	0.967802)	
(276,	1.0)	(293,	0.947704)	(283,	0.947701)	(282,	0.93677)	(275,	0.93558)	(281,	0.932437)	(284,	0.929824)	(291,	0.929702)	(286,	0.924439)	(292,	0.921823)	
(277,	1.0)	(275,	0.961154)	(292,	0.959975)	(282,	0.955891)	(285,	0.954959)	(283,	0.954949)	(284,	0.952628)	(281,	0.948509)	(293,	0.946686)	(291,	0.944736)	
(278,	1.0)	(245,	0.887665)	(243,	0.846385)	(242,	0.820297)	(246,	0.819775)	(298,	0.810821)	(244,	0.645637)	(277,	0.552877)	(252,	0.526783)	(292,	0.483664)	
(279,	1.0)	(280,	0.998127)	(286,	0.995654)	(284,	0.989285)	(282,	0.987445)	(285,	0.98724)	(275,	0.986344)	(283,	0.984028)	(281,	0.977416)	(273,	0.951844)	
(280,	1.0)	(279,	0.998127)	(286,	0.991647)	(285,	0.988527)	(282,	0.987104)	(284,	0.987013)	(275,	0.982188)	(283,	0.98054)	(281,	0.977451)	(291,	0.954966)	
(281,	1.0)	(284,	0.980792)	(283,	0.980295)	(285,	0.978884)	(280,	0.977451)	(279,	0.977416)	(291,	0.976623)	(282,	0.974957)	(295,	0.972288)	(286,	0.971172)	
(282,	1.0)	(283,	0.992462)	(275,	0.991368)	(286,	0.991161)	(285,	0.990977)	(279,	0.987445)	(284,	0.987229)	(280,	0.987104)	(281,	0.974957)	(293,	0.964982)	
(283,	1.0)	(275,	0.994095)	(282,	0.992462)	(286,	0.991366)	(284,	0.99013)	(279,	0.984028)	(285,	0.983113)	(280,	0.98054)	(281,	0.980295)	(293,	0.980054)	
(284,	1.0)	(283,	0.99013)	(279,	0.989285)	(286,	0.988468)	(275,	0.988032)	(282,	0.987229)	(280,	0.987013)	(285,	0.983127)	(281,	0.980792)	(296,	0.969597)	
(285,	1.0)	(282,	0.990977)	(280,	0.988527)	(279,	0.98724)	(286,	0.985955)	(275,	0.984312)	(284,	0.983127)	(283,	0.983113)	(281,	0.978884)	(300,	0.957121)	
(286,	1.0)	(279,	0.995654)	(275,	0.995523)	(280,	0.991647)	(283,	0.991366)	(282,	0.991161)	(284,	0.988468)	(285,	0.985955)	(281,	0.971172)	(293,	0.965324)	
(287,	1.0)	(289,	0.984346)	(265,	0.970268)	(288,	0.950502)	(290,	0.947884)	(264,	0.937451)	(263,	0.905193)	(261,	0.865883)	(234,	0.822301)	(270,	0.77129)	
(288,	1.0)	(287,	0.950502)	(289,	0.939039)	(234,	0.924994)	(290,	0.92311)	(265,	0.902417)	(191,	0.893461)	(263,	0.860901)	(261,	0.852229)	(264,	0.839242)	
(289,	1.0)	(287,	0.984346)	(290,	0.975713)	(265,	0.952304)	(288,	0.939039)	(264,	0.913411)	(263,	0.882837)	(261,	0.859882)	(234,	0.809298)	(191,	0.773284)	
(290,	1.0)	(289,	0.975713)	(287,	0.947884)	(265,	0.937536)	(288,	0.92311)	(261,	0.921112)	(263,	0.902585)	(264,	0.897675)	(234,	0.811104)	(270,	0.775513)	
(291,	1.0)	(281,	0.976623)	(294,	0.967617)	(284,	0.963287)	(283,	0.962018)	(282,	0.959578)	(295,	0.956296)	(280,	0.954966)	(285,	0.954746)	(279,	0.950766)	
(292,	1.0)	(293,	0.973792)	(277,	0.959975)	(275,	0.951551)	(283,	0.946137)	(282,	0.942328)	(286,	0.928822)	(284,	0.927789)	(273,	0.925873)	(276,	0.921823)	
(293,	1.0)	(283,	0.980054)	(275,	0.974913)	(292,	0.973792)	(286,	0.965324)	(282,	0.964982)	(273,	0.963949)	(284,	0.963665)	(276,	0.947704)	(279,	0.947435)	
(294,	1.0)	(291,	0.967617)	(281,	0.95352)	(283,	0.93276)	(284,	0.929949)	(293,	0.92783)	(295,	0.927416)	(280,	0.926173)	(279,	0.917948)	(282,	0.917572)	
(295,	1.0)	(281,	0.972288)	(283,	0.95891)	(291,	0.956296)	(284,	0.955149)	(285,	0.952781)	(282,	0.950752)	(279,	0.949468)	(300,	0.949406)	(280,	0.94881)	
(296,	1.0)	(284,	0.969597)	(283,	0.950441)	(275,	0.950276)	(286,	0.948755)	(279,	0.944577)	(282,	0.94337)	(280,	0.942877)	(285,	0.936635)	(293,	0.927394)	
(297,	1.0)	(159,	0.853932)	(276,	0.821052)	(149,	0.814748)	(252,	0.77937)	(191,	0.736006)	(360,	0.724467)	(357,	0.723219)	(234,	0.720082)	(294,	0.714517)	
(298,	1.0)	(292,	0.870631)	(277,	0.840644)	(278,	0.810821)	(293,	0.778842)	(276,	0.76637)	(291,	0.741903)	(295,	0.733725)	(275,	0.725663)	(273,	0.720479)	
(299,	1.0)	(185,	0.997173)	(167,	0.996061)	(269,	0.982106)	(0,	0.942037)	(240,	0.889611)	(235,	0.879644)	(130,	0.756412)	(156,	0.746935)	(226,	0.694004)	
(300,	1.0)	(281,	0.958281)	(285,	0.957121)	(295,	0.949406)	(291,	0.948133)	(280,	0.942045)	(279,	0.937252)	(273,	0.93718)	(284,	0.934404)	(282,	0.925108)	
(301,	1.0)	(314,	0.972307)	(304,	0.952408)	(302,	0.931385)	(329,	0.931158)	(326,	0.921198)	(328,	0.915722)	(306,	0.915626)	(331,	0.903772)	(307,	0.891428)	
(302,	1.0)	(325,	0.975296)	(330,	0.9705)	(314,	0.967774)	(324,	0.962281)	(331,	0.960555)	(329,	0.955849)	(306,	0.950172)	(313,	0.946395)	(307,	0.934684)	
(303,	1.0)	(305,	0.993343)	(328,	0.979342)	(204,	0.965417)	(196,	0.961639)	(250,	0.922283)	(232,	0.912241)	(304,	0.892851)	(233,	0.872739)	(327,	0.86117)	
(304,	1.0)	(314,	0.965889)	(301,	0.952408)	(331,	0.936051)	(305,	0.931752)	(302,	0.930054)	(325,	0.920868)	(328,	0.914254)	(204,	0.902822)	(321,	0.900751)	
(305,	1.0)	(303,	0.993343)	(328,	0.976169)	(204,	0.965493)	(196,	0.949657)	(304,	0.931752)	(250,	0.923424)	(232,	0.909352)	(301,	0.882777)	(233,	0.867177)	
(306,	1.0)	(313,	0.991899)	(329,	0.984128)	(311,	0.98013)	(312,	0.97687)	(307,	0.975465)	(309,	0.973461)	(308,	0.971399)	(13,	0.957636)	(6,	0.950229)	
(307,	1.0)	(329,	0.987507)	(306,	0.975465)	(313,	0.965775)	(309,	0.958072)	(308,	0.954616)	(312,	0.949104)	(310,	0.943007)	(13,	0.938618)	(311,	0.936641)	
(308,	1.0)	(309,	0.998207)	(312,	0.98728)	(13,	0.976433)	(306,	0.971399)	(310,	0.969633)	(313,	0.967839)	(6,	0.967188)	(11,	0.955635)	(307,	0.954616)	
(309,	1.0)	(308,	0.998207)	(312,	0.989845)	(13,	0.981611)	(310,	0.975143)	(313,	0.973698)	(306,	0.973461)	(6,	0.972756)	(11,	0.959136)	(307,	0.958072)	
(310,	1.0)	(309,	0.975143)	(13,	0.972066)	(308,	0.969633)	(312,	0.968139)	(12,	0.967438)	(313,	0.960568)	(6,	0.960392)	(10,	0.95202)	(7,	0.948397)	
(311,	1.0)	(306,	0.98013)	(313,	0.978438)	(312,	0.953393)	(329,	0.947615)	(321,	0.946449)	(330,	0.945323)	(331,	0.939826)	(307,	0.936641)	(309,	0.934548)	
(312,	1.0)	(309,	0.989845)	(308,	0.98728)	(313,	0.983701)	(6,	0.983396)	(13,	0.979722)	(306,	0.97687)	(7,	0.970229)	(310,	0.968139)	(329,	0.953842)	
(313,	1.0)	(306,	0.991899)	(312,	0.983701)	(311,	0.978438)	(309,	0.973698)	(329,	0.971247)	(308,	0.967839)	(307,	0.965775)	(13,	0.965029)	(310,	0.960568)	
(314,	1.0)	(301,	0.972307)	(302,	0.967774)	(304,	0.965889)	(331,	0.962908)	(325,	0.948882)	(329,	0.933515)	(330,	0.932751)	(332,	0.9312)	(306,	0.927492)	
(315,	1.0)	(323,	0.929667)	(330,	0.9036)	(331,	0.891493)	(332,	0.884137)	(26,	0.879526)	(115,	0.875329)	(24,	0.870743)	(302,	0.869722)	(324,	0.865848)	
(316,	1.0)	(317,	0.947927)	(13,	0.914723)	(7,	0.899163)	(6,	0.898863)	(309,	0.898146)	(11,	0.898053)	(10,	0.891873)	(4,	0.890918)	(5,	0.890053)	
(317,	1.0)	(316,	0.947927)	(321,	0.8423)	(260,	0.808519)	(7,	0.790787)	(330,	0.784888)	(13,	0.781219)	(325,	0.77893)	(6,	0.768921)	(331,	0.762459)	
(318,	1.0)	(320,	0.965885)	(319,	0.952787)	(26,	0.941403)	(19,	0.931535)	(322,	0.927791)	(321,	0.92471)	(324,	0.923237)	(330,	0.918301)	(331,	0.918139)	
(319,	1.0)	(320,	0.968197)	(318,	0.952787)	(14,	0.952303)	(18,	0.93367)	(19,	0.92181)	(16,	0.905088)	(17,	0.900717)	(20,	0.900514)	(26,	0.897502)	
(320,	1.0)	(319,	0.968197)	(318,	0.965885)	(330,	0.932757)	(324,	0.931017)	(311,	0.929619)	(321,	0.925944)	(14,	0.925425)	(7,	0.919668)	(26,	0.916393)	
(321,	1.0)	(331,	0.95816)	(311,	0.946449)	(330,	0.945291)	(325,	0.926751)	(320,	0.925944)	(318,	0.92471)	(302,	0.922512)	(324,	0.922324)	(313,	0.919559)	
(322,	1.0)	(318,	0.927791)	(321,	0.904402)	(320,	0.872134)	(319,	0.864382)	(331,	0.853007)	(26,	0.83866)	(311,	0.838213)	(19,	0.832046)	(330,	0.825653)	
(323,	1.0)	(24,	0.961318)	(324,	0.956221)	(330,	0.954876)	(325,	0.940992)	(25,	0.940364)	(315,	0.929667)	(26,	0.926271)	(302,	0.924024)	(331,	0.910988)	
(324,	1.0)	(330,	0.977568)	(325,	0.977335)	(302,	0.962281)	(323,	0.956221)	(331,	0.953939)	(24,	0.950533)	(320,	0.931017)	(318,	0.923237)	(321,	0.922324)	
(325,	1.0)	(324,	0.977335)	(302,	0.975296)	(331,	0.960706)	(330,	0.960603)	(314,	0.948882)	(323,	0.940992)	(321,	0.926751)	(304,	0.920868)	(24,	0.920193)	
(326,	1.0)	(327,	0.982028)	(328,	0.927878)	(301,	0.921198)	(304,	0.873118)	(314,	0.870972)	(305,	0.864007)	(303,	0.857784)	(204,	0.843946)	(332,	0.827848)	
(327,	1.0)	(326,	0.982028)	(328,	0.917678)	(204,	0.86694)	(301,	0.863061)	(303,	0.86117)	(305,	0.855551)	(304,	0.833169)	(232,	0.820272)	(314,	0.810655)	
(328,	1.0)	(303,	0.979342)	(305,	0.976169)	(204,	0.944232)	(326,	0.927878)	(327,	0.917678)	(301,	0.915722)	(304,	0.914254)	(196,	0.912194)	(232,	0.892862)	
(329,	1.0)	(307,	0.987507)	(306,	0.984128)	(313,	0.971247)	(309,	0.956736)	(302,	0.955849)	(308,	0.954211)	(312,	0.953842)	(311,	0.947615)	(13,	0.945507)	
(330,	1.0)	(324,	0.977568)	(331,	0.974928)	(302,	0.9705)	(325,	0.960603)	(313,	0.958509)	(323,	0.954876)	(311,	0.945323)	(321,	0.945291)	(306,	0.9445)	
(331,	1.0)	(330,	0.974928)	(314,	0.962908)	(325,	0.960706)	(302,	0.960555)	(321,	0.95816)	(324,	0.953939)	(332,	0.944828)	(311,	0.939826)	(304,	0.936051)	
(332,	1.0)	(331,	0.944828)	(314,	0.9312)	(302,	0.922052)	(330,	0.91434)	(329,	0.909577)	(307,	0.902176)	(325,	0.90139)	(324,	0.889116)	(315,	0.884137)	
(333,	1.0)	(31,	0.991752)	(351,	0.953362)	(352,	0.910808)	(359,	0.904043)	(350,	0.896269)	(353,	0.884092)	(349,	0.876309)	(344,	0.853005)	(358,	0.834182)	
(334,	1.0)	(339,	0.983966)	(337,	0.976366)	(338,	0.957311)	(335,	0.942372)	(336,	0.936644)	(340,	0.688173)	(31,	0.606057)	(333,	0.58077)	(33,	0.508457)	
(335,	1.0)	(336,	0.980783)	(334,	0.942372)	(339,	0.902395)	(338,	0.877639)	(337,	0.875117)	(31,	0.770294)	(333,	0.748769)	(350,	0.719934)	(115,	0.708447)	
(336,	1.0)	(335,	0.980783)	(334,	0.936644)	(339,	0.892831)	(337,	0.849944)	(338,	0.831271)	(340,	0.805288)	(31,	0.765495)	(333,	0.747556)	(342,	0.718266)	
(337,	1.0)	(339,	0.99115)	(338,	0.990842)	(334,	0.976366)	(335,	0.875117)	(336,	0.849944)	(340,	0.555109)	(31,	0.510716)	(333,	0.483592)	(33,	0.476685)	
(338,	1.0)	(337,	0.990842)	(339,	0.978173)	(334,	0.957311)	(335,	0.877639)	(336,	0.831271)	(33,	0.556124)	(29,	0.546114)	(27,	0.535869)	(31,	0.532899)	
(339,	1.0)	(337,	0.99115)	(334,	0.983966)	(338,	0.978173)	(335,	0.902395)	(336,	0.892831)	(340,	0.63223)	(31,	0.572292)	(333,	0.54887)	(33,	0.468158)	
(340,	1.0)	(345,	0.955004)	(343,	0.951274)	(341,	0.944489)	(347,	0.904305)	(342,	0.888605)	(346,	0.857914)	(336,	0.805288)	(335,	0.691508)	(334,	0.688173)	
(341,	1.0)	(345,	0.991317)	(343,	0.989686)	(347,	0.944708)	(340,	0.944489)	(342,	0.935746)	(346,	0.897679)	(336,	0.634552)	(348,	0.610807)	(349,	0.593672)	
(342,	1.0)	(347,	0.991131)	(346,	0.984326)	(343,	0.964659)	(345,	0.957997)	(341,	0.935746)	(340,	0.888605)	(349,	0.81939)	(344,	0.764977)	(348,	0.756726)	
(343,	1.0)	(345,	0.992089)	(341,	0.989686)	(347,	0.966439)	(342,	0.964659)	(340,	0.951274)	(346,	0.930617)	(336,	0.70306)	(348,	0.677215)	(349,	0.676908)	
(344,	1.0)	(353,	0.97843)	(349,	0.960018)	(348,	0.942193)	(109,	0.862042)	(351,	0.860424)	(361,	0.858441)	(333,	0.853005)	(352,	0.848233)	(108,	0.845061)	
(345,	1.0)	(343,	0.992089)	(341,	0.991317)	(347,	0.970909)	(342,	0.957997)	(340,	0.955004)	(346,	0.930822)	(336,	0.672326)	(349,	0.641491)	(348,	0.622756)	
(346,	1.0)	(347,	0.989373)	(342,	0.984326)	(345,	0.930822)	(343,	0.930617)	(341,	0.897679)	(340,	0.857914)	(349,	0.837509)	(333,	0.778934)	(344,	0.774127)	
(347,	1.0)	(342,	0.991131)	(346,	0.989373)	(345,	0.970909)	(343,	0.966439)	(341,	0.944708)	(340,	0.904305)	(349,	0.782518)	(333,	0.729482)	(344,	0.726415)	
(348,	1.0)	(344,	0.942193)	(349,	0.903226)	(353,	0.882004)	(108,	0.864171)	(107,	0.825234)	(109,	0.810702)	(110,	0.801468)	(342,	0.756726)	(351,	0.753595)	
(349,	1.0)	(353,	0.977177)	(344,	0.960018)	(351,	0.912041)	(352,	0.907325)	(348,	0.903226)	(333,	0.876309)	(359,	0.869522)	(355,	0.863073)	(361,	0.860603)	
(350,	1.0)	(351,	0.959943)	(352,	0.922972)	(354,	0.914627)	(31,	0.89943)	(333,	0.896269)	(115,	0.885144)	(359,	0.871924)	(355,	0.866953)	(32,	0.840653)	
(351,	1.0)	(352,	0.980947)	(350,	0.959943)	(333,	0.953362)	(31,	0.943155)	(359,	0.935523)	(349,	0.912041)	(355,	0.909347)	(354,	0.906546)	(358,	0.900751)	
(352,	1.0)	(351,	0.980947)	(359,	0.953759)	(355,	0.924348)	(350,	0.922972)	(358,	0.912217)	(333,	0.910808)	(360,	0.907332)	(349,	0.907325)	(354,	0.905701)	
(353,	1.0)	(344,	0.97843)	(349,	0.977177)	(351,	0.893247)	(361,	0.892759)	(352,	0.890055)	(333,	0.884092)	(348,	0.882004)	(355,	0.877825)	(359,	0.870919)	
(354,	1.0)	(355,	0.966059)	(361,	0.934714)	(111,	0.931371)	(358,	0.923929)	(350,	0.914627)	(351,	0.906546)	(352,	0.905701)	(360,	0.900042)	(357,	0.889295)	
(355,	1.0)	(361,	0.971494)	(358,	0.967923)	(354,	0.966059)	(357,	0.939622)	(360,	0.937692)	(352,	0.924348)	(351,	0.909347)	(359,	0.896447)	(109,	0.894326)	
(356,	1.0)	(359,	0.907546)	(352,	0.899433)	(357,	0.898169)	(358,	0.889443)	(355,	0.860274)	(360,	0.85902)	(267,	0.838157)	(351,	0.827975)	(354,	0.824164)	
(357,	1.0)	(360,	0.979486)	(358,	0.96623)	(355,	0.939622)	(356,	0.898169)	(354,	0.889295)	(352,	0.884951)	(361,	0.881453)	(359,	0.876041)	(351,	0.842145)	
(358,	1.0)	(355,	0.967923)	(357,	0.96623)	(360,	0.960011)	(359,	0.931224)	(354,	0.923929)	(361,	0.916262)	(352,	0.912217)	(351,	0.900751)	(356,	0.889443)	
(359,	1.0)	(352,	0.953759)	(351,	0.935523)	(358,	0.931224)	(356,	0.907546)	(333,	0.904043)	(355,	0.896447)	(31,	0.880144)	(357,	0.876041)	(350,	0.871924)	
(360,	1.0)	(357,	0.979486)	(358,	0.960011)	(355,	0.937692)	(352,	0.907332)	(354,	0.900042)	(351,	0.889898)	(361,	0.882084)	(359,	0.869264)	(356,	0.85902)	
(361,	1.0)	(355,	0.971494)	(354,	0.934714)	(358,	0.916262)	(109,	0.905379)	(353,	0.892759)	(360,	0.882084)	(357,	0.881453)	(111,	0.876128)	(352,	0.871521)	
